-4.481	17.066666666666666
-4.48	17.066666666666666
-4.479	17.066666666666666
-4.478	17.066666666666666
-4.477	17.066666666666666
-4.476	17.066666666666666
-4.475	17.066666666666666
-4.474	17.066666666666666
-4.473	17.066666666666666
-4.472	17.066666666666666
-4.471	17.066666666666666
-4.47	17.066666666666666
-4.469	17.066666666666666
-4.468	17.066666666666666
-4.467	17.066666666666666
-4.466	17.066666666666666
-4.465	17.066666666666666
-4.464	17.066666666666666
-4.463	17.066666666666666
-4.462	17.066666666666666
-4.461	17.066666666666666
-4.46	17.066666666666666
-4.459	17.066666666666666
-4.458	17.066666666666666
-4.457	17.066666666666666
-4.456	17.066666666666666
-4.455	17.066666666666666
-4.454	17.066666666666666
-4.453	17.066666666666666
-4.452	17.066666666666666
-4.451	17.066666666666666
-4.45	17.066666666666666
-4.449	17.066666666666666
-4.448	17.066666666666666
-4.447	17.066666666666666
-4.446	17.066666666666666
-4.445	17.066666666666666
-4.444	17.066666666666666
-4.443	17.066666666666666
-4.442	17.066666666666666
-4.441	17.066666666666666
-4.44	17.066666666666666
-4.439	17.066666666666666
-4.438	17.066666666666666
-4.437	17.066666666666666
-4.436	17.066666666666666
-4.435	17.066666666666666
-4.434	17.066666666666666
-4.433	17.066666666666666
-4.432	17.066666666666666
-4.431	17.066666666666666
-4.43	17.066666666666666
-4.429	17.066666666666666
-4.428	17.066666666666666
-4.427	17.066666666666666
-4.426	17.066666666666666
-4.425	17.066666666666666
-4.424	17.066666666666666
-4.423	17.066666666666666
-4.422	17.066666666666666
-4.421	17.066666666666666
-4.42	17.066666666666666
-4.419	17.066666666666666
-4.418	17.066666666666666
-4.417	17.066666666666666
-4.416	17.066666666666666
-4.415	17.066666666666666
-4.414	17.066666666666666
-4.413	17.066666666666666
-4.412	17.066666666666666
-4.411	17.066666666666666
-4.41	17.066666666666666
-4.409	17.066666666666666
-4.408	17.066666666666666
-4.407	17.066666666666666
-4.406	17.066666666666666
-4.405	17.066666666666666
-4.404	17.066666666666666
-4.403	17.066666666666666
-4.402	17.066666666666666
-4.401	17.066666666666666
-4.4	17.066666666666666
-4.399	17.066666666666666
-4.398	17.066666666666666
-4.397	17.066666666666666
-4.396	17.066666666666666
-4.395	17.066666666666666
-4.394	17.066666666666666
-4.393	17.066666666666666
-4.392	17.066666666666666
-4.391	17.066666666666666
-4.39	17.066666666666666
-4.389	17.066666666666666
-4.388	17.066666666666666
-4.387	17.066666666666666
-4.386	17.066666666666666
-4.385	17.066666666666666
-4.384	17.066666666666666
-4.383	17.066666666666666
-4.382	17.066666666666666
-4.381	17.066666666666666
-4.38	17.066666666666666
-4.379	17.066666666666666
-4.378	17.066666666666666
-4.377	17.066666666666666
-4.376	17.066666666666666
-4.375	17.066666666666666
-4.374	17.066666666666666
-4.373	17.066666666666666
-4.372	17.066666666666666
-4.371	17.066666666666666
-4.37	17.066666666666666
-4.369	64.0
-4.368	64.0
-4.367	64.0
-4.366	64.0
-4.365	64.0
-4.364	64.0
-4.363	64.0
-4.362	64.0
-4.361	64.0
-4.36	64.0
-4.359	64.0
-4.358	64.0
-4.357	64.0
-4.356	64.0
-4.355	64.0
-4.354	64.0
-4.353	64.0
-4.352	64.0
-4.351	64.0
-4.35	64.0
-4.349	64.0
-4.348	64.0
-4.347	64.0
-4.346	64.0
-4.345	64.0
-4.344	64.0
-4.343	64.0
-4.342	64.0
-4.341	64.0
-4.34	166.375
-4.339	166.375
-4.338	166.375
-4.337	166.375
-4.336	166.375
-4.335	166.375
-4.334	166.375
-4.333	166.375
-4.332	166.375
-4.331	166.375
-4.33	166.375
-4.329	166.375
-4.328	166.375
-4.327	166.375
-4.326	166.375
-4.325	166.375
-4.324	166.375
-4.323	166.375
-4.322	166.375
-4.321	166.375
-4.32	166.375
-4.319	166.375
-4.318	166.375
-4.317	166.375
-4.316	166.375
-4.315	166.375
-4.314	166.375
-4.313	166.375
-4.312	166.375
-4.311	166.375
-4.31	166.375
-4.309	166.375
-4.308	166.375
-4.307	166.375
-4.306	166.375
-4.305	166.375
-4.304	166.375
-4.303	166.375
-4.302	166.375
-4.301	166.375
-4.3	166.375
-4.299	166.375
-4.298	166.375
-4.297	166.375
-4.296	166.375
-4.295	166.375
-4.294	166.375
-4.293	166.375
-4.292	166.375
-4.291	166.375
-4.29	166.375
-4.289	166.375
-4.288	166.375
-4.287	166.375
-4.286	166.375
-4.285	166.375
-4.284	166.375
-4.283	166.375
-4.282	166.375
-4.281	166.375
-4.28	166.375
-4.279	166.375
-4.278	166.375
-4.277	166.375
-4.276	166.375
-4.275	166.375
-4.274	166.375
-4.273	166.375
-4.272	166.375
-4.271	166.375
-4.27	166.375
-4.269	166.375
-4.268	166.375
-4.267	166.375
-4.266	166.375
-4.265	166.375
-4.264	166.375
-4.263	166.375
-4.262	166.375
-4.261	166.375
-4.26	166.375
-4.259	166.375
-4.258	166.375
-4.257	166.375
-4.256	166.375
-4.255	166.375
-4.254	166.375
-4.253	166.375
-4.252	166.375
-4.251	166.375
-4.25	166.375
-4.249	166.375
-4.248	166.375
-4.247	166.375
-4.246	166.375
-4.245	166.375
-4.244	166.375
-4.243	166.375
-4.242	166.375
-4.241	166.375
-4.24	166.375
-4.239	166.375
-4.238	166.375
-4.237	166.375
-4.236	166.375
-4.235	166.375
-4.234	166.375
-4.233	166.375
-4.232	166.375
-4.231	166.375
-4.23	166.375
-4.229	166.375
-4.228	166.375
-4.227	166.375
-4.226	166.375
-4.225	166.375
-4.224	166.375
-4.223	166.375
-4.222	166.375
-4.221	166.375
-4.22	166.375
-4.219	166.375
-4.218	166.375
-4.217	166.375
-4.216	166.375
-4.215	166.375
-4.214	166.375
-4.213	166.375
-4.212	166.375
-4.211	166.375
-4.21	166.375
-4.209	166.375
-4.208	166.375
-4.207	166.375
-4.206	166.375
-4.205	166.375
-4.204	166.375
-4.203	166.375
-4.202	166.375
-4.201	166.375
-4.2	166.375
-4.199	166.375
-4.198	166.375
-4.197	166.375
-4.196	166.375
-4.195	166.375
-4.194	166.375
-4.193	166.375
-4.192	166.375
-4.191	166.375
-4.19	166.375
-4.189	166.375
-4.188	166.375
-4.187	166.375
-4.186	166.375
-4.185	166.375
-4.184	166.375
-4.183	166.375
-4.182	166.375
-4.181	166.375
-4.18	166.375
-4.179	166.375
-4.178	166.375
-4.177	166.375
-4.176	166.375
-4.175	166.375
-4.174	166.375
-4.173	166.375
-4.172	166.375
-4.171	166.375
-4.17	166.375
-4.169	166.375
-4.168	166.375
-4.167	166.375
-4.166	166.375
-4.165	166.375
-4.164	166.375
-4.163	166.375
-4.162	166.375
-4.161	166.375
-4.16	166.375
-4.159	166.375
-4.158	166.375
-4.157	166.375
-4.156	166.375
-4.155	166.375
-4.154	166.375
-4.153	166.375
-4.152	166.375
-4.151	166.375
-4.15	166.375
-4.149	166.375
-4.148	166.375
-4.147	166.375
-4.146	166.375
-4.145	166.375
-4.144	166.375
-4.143	166.375
-4.142	166.375
-4.141	166.375
-4.14	166.375
-4.139	166.375
-4.138	166.375
-4.137	166.375
-4.136	166.375
-4.135	166.375
-4.134	166.375
-4.133	166.375
-4.132	166.375
-4.131	166.375
-4.13	166.375
-4.129	166.375
-4.128	166.375
-4.127	166.375
-4.126	166.375
-4.125	166.375
-4.124	166.375
-4.123	166.375
-4.122	166.375
-4.121	166.375
-4.12	166.375
-4.119	166.375
-4.118	166.375
-4.117	166.375
-4.116	166.375
-4.115	166.375
-4.114	166.375
-4.113	166.375
-4.112	166.375
-4.111	166.375
-4.11	166.375
-4.109	166.375
-4.108	166.375
-4.107	166.375
-4.106	166.375
-4.105	166.375
-4.104	166.375
-4.103	166.375
-4.102	166.375
-4.101	166.375
-4.1	166.375
-4.099	166.375
-4.098	166.375
-4.097	166.375
-4.096	166.375
-4.095	166.375
-4.094	166.375
-4.093	166.375
-4.092	166.375
-4.091	166.375
-4.09	166.375
-4.089	166.375
-4.088	166.375
-4.087	166.375
-4.086	166.375
-4.085	166.375
-4.084	166.375
-4.083	166.375
-4.082	166.375
-4.081	166.375
-4.08	166.375
-4.079	166.375
-4.078	166.375
-4.077	166.375
-4.076	166.375
-4.075	166.375
-4.074	166.375
-4.073	166.375
-4.072	166.375
-4.071	166.375
-4.07	166.375
-4.069	166.375
-4.068	166.375
-4.067	166.375
-4.066	166.375
-4.065	166.375
-4.064	166.375
-4.063	166.375
-4.062	166.375
-4.061	166.375
-4.06	166.375
-4.059	166.375
-4.058	166.375
-4.057	166.375
-4.056	166.375
-4.055	166.375
-4.054	166.375
-4.053	166.375
-4.052	166.375
-4.051	166.375
-4.05	166.375
-4.049	166.375
-4.048	166.375
-4.047	166.375
-4.046	166.375
-4.045	166.375
-4.044	166.375
-4.043	166.375
-4.042	166.375
-4.041	166.375
-4.04	166.375
-4.039	166.375
-4.038	166.375
-4.037	166.375
-4.036	166.375
-4.035	166.375
-4.034	166.375
-4.033	166.375
-4.032	166.375
-4.031	166.375
-4.03	166.375
-4.029	166.375
-4.028	166.375
-4.027	166.375
-4.026	166.375
-4.025	166.375
-4.024	166.375
-4.023	166.375
-4.022	166.375
-4.021	166.375
-4.02	166.375
-4.019	166.375
-4.018	166.375
-4.017	166.375
-4.016	166.375
-4.015	166.375
-4.014	166.375
-4.013	166.375
-4.012	166.375
-4.011	166.375
-4.01	166.375
-4.009	166.375
-4.008	166.375
-4.007	166.375
-4.006	166.375
-4.005	166.375
-4.004	166.375
-4.003	166.375
-4.002	166.375
-4.001	166.375
-4.0	166.375
-3.999	166.375
-3.998	166.375
-3.997	166.375
-3.996	166.375
-3.995	166.375
-3.994	166.375
-3.993	166.375
-3.992	166.375
-3.991	166.375
-3.99	166.375
-3.989	166.375
-3.988	166.375
-3.987	166.375
-3.986	166.375
-3.985	166.375
-3.984	166.375
-3.983	166.375
-3.982	166.375
-3.981	166.375
-3.98	166.375
-3.979	166.375
-3.978	166.375
-3.977	166.375
-3.976	166.375
-3.975	166.375
-3.974	166.375
-3.973	166.375
-3.972	166.375
-3.971	166.375
-3.97	166.375
-3.969	166.375
-3.968	166.375
-3.967	166.375
-3.966	166.375
-3.965	166.375
-3.964	166.375
-3.963	166.375
-3.962	166.375
-3.961	166.375
-3.96	166.375
-3.959	166.375
-3.958	166.375
-3.957	166.375
-3.956	166.375
-3.955	166.375
-3.954	166.375
-3.953	166.375
-3.952	166.375
-3.951	166.375
-3.95	166.375
-3.949	166.375
-3.948	166.375
-3.947	166.375
-3.946	166.375
-3.945	166.375
-3.944	166.375
-3.943	166.375
-3.942	166.375
-3.941	166.375
-3.94	166.375
-3.939	166.375
-3.938	166.375
-3.937	166.375
-3.936	166.375
-3.935	166.375
-3.934	166.375
-3.933	166.375
-3.932	166.375
-3.931	166.375
-3.93	166.375
-3.929	166.375
-3.928	166.375
-3.927	166.375
-3.926	166.375
-3.925	166.375
-3.924	166.375
-3.923	166.375
-3.922	166.375
-3.921	166.375
-3.92	166.375
-3.919	166.375
-3.918	166.375
-3.917	166.375
-3.916	166.375
-3.915	166.375
-3.914	166.375
-3.913	166.375
-3.912	166.375
-3.911	166.375
-3.91	166.375
-3.909	166.375
-3.908	166.375
-3.907	166.375
-3.906	166.375
-3.905	166.375
-3.904	166.375
-3.903	166.375
-3.902	166.375
-3.901	166.375
-3.9	166.375
-3.899	166.375
-3.898	166.375
-3.897	166.375
-3.896	166.375
-3.895	166.375
-3.894	166.375
-3.893	166.375
-3.892	166.375
-3.891	166.375
-3.89	166.375
-3.889	166.375
-3.888	166.375
-3.887	166.375
-3.886	166.375
-3.885	166.375
-3.884	166.375
-3.883	166.375
-3.882	166.375
-3.881	166.375
-3.88	166.375
-3.879	166.375
-3.878	166.375
-3.877	166.375
-3.876	166.375
-3.875	166.375
-3.874	166.375
-3.873	166.375
-3.872	166.375
-3.871	166.375
-3.87	166.375
-3.869	166.375
-3.868	166.375
-3.867	166.375
-3.866	166.375
-3.865	166.375
-3.864	166.375
-3.863	166.375
-3.862	166.375
-3.861	166.375
-3.86	166.375
-3.859	166.375
-3.858	166.375
-3.857	166.375
-3.856	166.375
-3.855	166.375
-3.854	166.375
-3.853	166.375
-3.852	166.375
-3.851	166.375
-3.85	166.375
-3.849	166.375
-3.848	166.375
-3.847	166.375
-3.846	166.375
-3.845	166.375
-3.844	166.375
-3.843	166.375
-3.842	166.375
-3.841	166.375
-3.84	166.375
-3.839	166.375
-3.838	166.375
-3.837	166.375
-3.836	166.375
-3.835	166.375
-3.834	166.375
-3.833	166.375
-3.832	166.375
-3.831	166.375
-3.83	166.375
-3.829	166.375
-3.828	166.375
-3.827	166.375
-3.826	166.375
-3.825	166.375
-3.824	166.375
-3.823	166.375
-3.822	166.375
-3.821	166.375
-3.82	166.375
-3.819	166.375
-3.818	166.375
-3.817	166.375
-3.816	166.375
-3.815	166.375
-3.814	166.375
-3.813	166.375
-3.812	166.375
-3.811	166.375
-3.81	166.375
-3.809	166.375
-3.808	166.375
-3.807	166.375
-3.806	166.375
-3.805	166.375
-3.804	166.375
-3.803	166.375
-3.802	166.375
-3.801	166.375
-3.8	166.375
-3.799	166.375
-3.798	166.375
-3.797	166.375
-3.796	166.375
-3.795	166.375
-3.794	166.375
-3.793	166.375
-3.792	166.375
-3.791	166.375
-3.79	166.375
-3.789	166.375
-3.788	166.375
-3.787	166.375
-3.786	166.375
-3.785	166.375
-3.784	166.375
-3.783	166.375
-3.782	166.375
-3.781	166.375
-3.78	166.375
-3.779	166.375
-3.778	166.375
-3.777	166.375
-3.776	166.375
-3.775	166.375
-3.774	166.375
-3.773	166.375
-3.772	166.375
-3.771	166.375
-3.77	166.375
-3.769	166.375
-3.768	166.375
-3.767	166.375
-3.766	166.375
-3.765	166.375
-3.764	166.375
-3.763	166.375
-3.762	166.375
-3.761	166.375
-3.76	166.375
-3.759	166.375
-3.758	166.375
-3.757	166.375
-3.756	166.375
-3.755	166.375
-3.754	166.375
-3.753	166.375
-3.752	166.375
-3.751	166.375
-3.75	166.375
-3.749	166.375
-3.748	166.375
-3.747	166.375
-3.746	166.375
-3.745	166.375
-3.744	166.375
-3.743	166.375
-3.742	166.375
-3.741	166.375
-3.74	166.375
-3.739	166.375
-3.738	166.375
-3.737	166.375
-3.736	166.375
-3.735	166.375
-3.734	166.375
-3.733	166.375
-3.732	166.375
-3.731	166.375
-3.73	166.375
-3.729	166.375
-3.728	166.375
-3.727	166.375
-3.726	166.375
-3.725	166.375
-3.724	166.375
-3.723	166.375
-3.722	166.375
-3.721	166.375
-3.72	166.375
-3.719	166.375
-3.718	166.375
-3.717	166.375
-3.716	166.375
-3.715	166.375
-3.714	166.375
-3.713	166.375
-3.712	166.375
-3.711	166.375
-3.71	166.375
-3.709	166.375
-3.708	166.375
-3.707	166.375
-3.706	166.375
-3.705	166.375
-3.704	166.375
-3.703	166.375
-3.702	166.375
-3.701	166.375
-3.7	166.375
-3.699	166.375
-3.698	166.375
-3.697	166.375
-3.696	166.375
-3.695	166.375
-3.694	166.375
-3.693	166.375
-3.692	166.375
-3.691	166.375
-3.69	166.375
-3.689	166.375
-3.688	166.375
-3.687	166.375
-3.686	166.375
-3.685	166.375
-3.684	166.375
-3.683	166.375
-3.682	166.375
-3.681	166.375
-3.68	166.375
-3.679	166.375
-3.678	166.375
-3.677	166.375
-3.676	166.375
-3.675	166.375
-3.674	166.375
-3.673	166.375
-3.672	166.375
-3.671	166.375
-3.67	166.375
-3.669	166.375
-3.668	166.375
-3.667	166.375
-3.666	166.375
-3.665	166.375
-3.664	166.375
-3.663	166.375
-3.662	166.375
-3.661	166.375
-3.66	166.375
-3.659	166.375
-3.658	166.375
-3.657	166.375
-3.656	166.375
-3.655	166.375
-3.654	166.375
-3.653	166.375
-3.652	166.375
-3.651	166.375
-3.65	166.375
-3.649	166.375
-3.648	166.375
-3.647	166.375
-3.646	166.375
-3.645	166.375
-3.644	166.375
-3.643	166.375
-3.642	166.375
-3.641	166.375
-3.64	15.625
-3.639	15.625
-3.638	15.625
-3.637	15.625
-3.636	15.625
-3.635	15.625
-3.634	15.625
-3.633	15.625
-3.632	15.625
-3.631	15.625
-3.63	15.625
-3.629	15.625
-3.628	15.625
-3.627	15.625
-3.626	15.625
-3.625	15.625
-3.624	15.625
-3.623	15.625
-3.622	15.625
-3.621	15.625
-3.62	15.625
-3.619	15.625
-3.618	15.625
-3.617	15.625
-3.616	15.625
-3.615	15.625
-3.614	15.625
-3.613	15.625
-3.612	15.625
-3.611	15.625
-3.61	15.625
-3.609	15.625
-3.608	15.625
-3.607	15.625
-3.606	15.625
-3.605	15.625
-3.604	15.625
-3.603	15.625
-3.602	15.625
-3.601	15.625
-3.6	15.625
-3.599	15.625
-3.598	15.625
-3.597	15.625
-3.596	15.625
-3.595	15.625
-3.594	15.625
-3.593	15.625
-3.592	15.625
-3.591	15.625
-3.59	15.625
-3.589	15.625
-3.588	15.625
-3.587	15.625
-3.586	15.625
-3.585	15.625
-3.584	15.625
-3.583	15.625
-3.582	15.625
-3.581	15.625
-3.58	15.625
-3.579	15.625
-3.578	15.625
-3.577	15.625
-3.576	15.625
-3.575	15.625
-3.574	15.625
-3.573	15.625
-3.572	15.625
-3.571	15.625
-3.57	15.625
-3.569	15.625
-3.568	15.625
-3.567	15.625
-3.566	15.625
-3.565	15.625
-3.564	15.625
-3.563	15.625
-3.562	15.625
-3.561	15.625
-3.56	15.625
-3.559	15.625
-3.558	15.625
-3.557	15.625
-3.556	15.625
-3.555	15.625
-3.554	37.625
-3.553	37.625
-3.552	37.625
-3.551	37.625
-3.55	37.625
-3.549	37.625
-3.548	37.625
-3.547	37.625
-3.546	37.625
-3.545	37.625
-3.544	37.625
-3.543	37.625
-3.542	37.625
-3.541	37.625
-3.54	37.625
-3.539	37.625
-3.538	37.625
-3.537	37.625
-3.536	37.625
-3.535	37.625
-3.534	37.625
-3.533	37.625
-3.532	37.625
-3.531	37.625
-3.53	37.625
-3.529	37.625
-3.528	37.625
-3.527	37.625
-3.526	37.625
-3.525	37.625
-3.524	37.625
-3.523	37.625
-3.522	37.625
-3.521	37.625
-3.52	37.625
-3.519	37.625
-3.518	37.625
-3.517	37.625
-3.516	37.625
-3.515	37.625
-3.514	37.625
-3.513	37.625
-3.512	37.625
-3.511	37.625
-3.51	37.625
-3.509	37.625
-3.508	37.625
-3.507	37.625
-3.506	37.625
-3.505	37.625
-3.504	37.625
-3.503	37.625
-3.502	37.625
-3.501	37.625
-3.5	37.625
-3.499	37.625
-3.498	37.625
-3.497	37.625
-3.496	37.625
-3.495	37.625
-3.494	37.625
-3.493	37.625
-3.492	37.625
-3.491	37.625
-3.49	37.625
-3.489	37.625
-3.488	37.625
-3.487	37.625
-3.486	37.625
-3.485	37.625
-3.484	37.625
-3.483	37.625
-3.482	37.625
-3.481	37.625
-3.48	37.625
-3.479	37.625
-3.478	37.625
-3.477	37.625
-3.476	37.625
-3.475	37.625
-3.474	37.625
-3.473	37.625
-3.472	2.22962962962963
-3.471	2.22962962962963
-3.47	1.7916666666666667
-3.469	1.7916666666666667
-3.468	1.7916666666666667
-3.467	1.7916666666666667
-3.466	1.7916666666666667
-3.465	1.7916666666666667
-3.464	1.7916666666666667
-3.463	1.7916666666666667
-3.462	4.426470588235294
-3.461	4.426470588235294
-3.46	4.426470588235294
-3.459	4.426470588235294
-3.458	4.426470588235294
-3.457	4.426470588235294
-3.456	4.426470588235294
-3.455	4.426470588235294
-3.454	4.426470588235294
-3.453	4.426470588235294
-3.452	4.426470588235294
-3.451	4.426470588235294
-3.45	4.426470588235294
-3.449	4.426470588235294
-3.448	4.426470588235294
-3.447	4.426470588235294
-3.446	4.426470588235294
-3.445	4.426470588235294
-3.444	4.426470588235294
-3.443	4.426470588235294
-3.442	4.426470588235294
-3.441	4.426470588235294
-3.44	4.426470588235294
-3.439	4.426470588235294
-3.438	4.426470588235294
-3.437	4.426470588235294
-3.436	4.426470588235294
-3.435	4.426470588235294
-3.434	4.426470588235294
-3.433	4.426470588235294
-3.432	4.426470588235294
-3.431	4.426470588235294
-3.43	4.426470588235294
-3.429	5.901960784313726
-3.428	5.901960784313726
-3.427	5.901960784313726
-3.426	2.4672131147540983
-3.425	2.4672131147540983
-3.424	2.4672131147540983
-3.423	2.4672131147540983
-3.422	2.4672131147540983
-3.421	2.4672131147540983
-3.42	2.4672131147540983
-3.419	2.4672131147540983
-3.418	2.4672131147540983
-3.417	2.4672131147540983
-3.416	2.4672131147540983
-3.415	2.4672131147540983
-3.414	2.4672131147540983
-3.413	2.4672131147540983
-3.412	2.4672131147540983
-3.411	2.4672131147540983
-3.41	2.4672131147540983
-3.409	2.4672131147540983
-3.408	2.4672131147540983
-3.407	2.4672131147540983
-3.406	2.4672131147540983
-3.405	2.4672131147540983
-3.404	2.4672131147540983
-3.403	2.4672131147540983
-3.402	2.4672131147540983
-3.401	2.4672131147540983
-3.4	2.4672131147540983
-3.399	2.4672131147540983
-3.398	2.4672131147540983
-3.397	2.4672131147540983
-3.396	2.4672131147540983
-3.395	2.4672131147540983
-3.394	2.4672131147540983
-3.393	2.4672131147540983
-3.392	2.4672131147540983
-3.391	2.4672131147540983
-3.39	2.4672131147540983
-3.389	2.4672131147540983
-3.388	2.4672131147540983
-3.387	2.4672131147540983
-3.386	2.4672131147540983
-3.385	2.4672131147540983
-3.384	2.4672131147540983
-3.383	2.4672131147540983
-3.382	2.4672131147540983
-3.381	2.4672131147540983
-3.38	2.4672131147540983
-3.379	2.4672131147540983
-3.378	2.4672131147540983
-3.377	2.4672131147540983
-3.376	2.4672131147540983
-3.375	2.4672131147540983
-3.374	2.4672131147540983
-3.373	2.4672131147540983
-3.372	2.4672131147540983
-3.371	2.4672131147540983
-3.37	2.4672131147540983
-3.369	2.4672131147540983
-3.368	2.4672131147540983
-3.367	2.4672131147540983
-3.366	2.4672131147540983
-3.365	2.4672131147540983
-3.364	2.4672131147540983
-3.363	2.4672131147540983
-3.362	2.4672131147540983
-3.361	2.4672131147540983
-3.36	2.4672131147540983
-3.359	2.4672131147540983
-3.358	2.4672131147540983
-3.357	2.4672131147540983
-3.356	2.4672131147540983
-3.355	7.166666666666667
-3.354	7.166666666666667
-3.353	7.166666666666667
-3.352	7.166666666666667
-3.351	7.166666666666667
-3.35	7.166666666666667
-3.349	7.166666666666667
-3.348	7.166666666666667
-3.347	7.166666666666667
-3.346	7.166666666666667
-3.345	7.166666666666667
-3.344	7.166666666666667
-3.343	7.166666666666667
-3.342	7.166666666666667
-3.341	7.166666666666667
-3.34	7.166666666666667
-3.339	7.166666666666667
-3.338	7.166666666666667
-3.337	7.166666666666667
-3.336	7.166666666666667
-3.335	7.166666666666667
-3.334	7.166666666666667
-3.333	7.166666666666667
-3.332	7.166666666666667
-3.331	7.166666666666667
-3.33	7.166666666666667
-3.329	7.166666666666667
-3.328	7.166666666666667
-3.327	7.166666666666667
-3.326	7.166666666666667
-3.325	7.166666666666667
-3.324	7.166666666666667
-3.323	7.166666666666667
-3.322	7.166666666666667
-3.321	7.166666666666667
-3.32	7.166666666666667
-3.319	7.166666666666667
-3.318	7.166666666666667
-3.317	7.166666666666667
-3.316	7.166666666666667
-3.315	7.166666666666667
-3.314	7.166666666666667
-3.313	7.166666666666667
-3.312	7.166666666666667
-3.311	7.166666666666667
-3.31	7.166666666666667
-3.309	7.166666666666667
-3.308	7.166666666666667
-3.307	7.166666666666667
-3.306	7.166666666666667
-3.305	7.166666666666667
-3.304	7.166666666666667
-3.303	7.166666666666667
-3.302	7.166666666666667
-3.301	7.166666666666667
-3.3	7.166666666666667
-3.299	7.166666666666667
-3.298	7.166666666666667
-3.297	7.166666666666667
-3.296	7.166666666666667
-3.295	7.166666666666667
-3.294	7.166666666666667
-3.293	7.166666666666667
-3.292	7.166666666666667
-3.291	7.166666666666667
-3.29	7.166666666666667
-3.289	7.166666666666667
-3.288	7.166666666666667
-3.287	7.166666666666667
-3.286	7.166666666666667
-3.285	7.166666666666667
-3.284	7.166666666666667
-3.283	7.166666666666667
-3.282	7.166666666666667
-3.281	7.166666666666667
-3.28	7.166666666666667
-3.279	7.166666666666667
-3.278	7.166666666666667
-3.277	7.166666666666667
-3.276	7.166666666666667
-3.275	7.166666666666667
-3.274	7.166666666666667
-3.273	7.166666666666667
-3.272	7.166666666666667
-3.271	7.166666666666667
-3.27	7.166666666666667
-3.269	7.166666666666667
-3.268	7.166666666666667
-3.267	7.166666666666667
-3.266	7.166666666666667
-3.265	7.166666666666667
-3.264	7.166666666666667
-3.263	7.166666666666667
-3.262	7.166666666666667
-3.261	7.166666666666667
-3.26	7.166666666666667
-3.259	7.166666666666667
-3.258	7.166666666666667
-3.257	7.166666666666667
-3.256	7.166666666666667
-3.255	7.166666666666667
-3.254	7.166666666666667
-3.253	7.166666666666667
-3.252	7.166666666666667
-3.251	7.166666666666667
-3.25	7.166666666666667
-3.249	7.166666666666667
-3.248	7.166666666666667
-3.247	7.166666666666667
-3.246	7.166666666666667
-3.245	7.166666666666667
-3.244	7.166666666666667
-3.243	7.166666666666667
-3.242	7.166666666666667
-3.241	7.166666666666667
-3.24	7.166666666666667
-3.239	7.166666666666667
-3.238	7.166666666666667
-3.237	7.166666666666667
-3.236	7.166666666666667
-3.235	7.166666666666667
-3.234	7.166666666666667
-3.233	7.166666666666667
-3.232	7.166666666666667
-3.231	7.166666666666667
-3.23	7.166666666666667
-3.229	7.166666666666667
-3.228	7.166666666666667
-3.227	7.166666666666667
-3.226	7.166666666666667
-3.225	7.166666666666667
-3.224	7.166666666666667
-3.223	7.166666666666667
-3.222	7.166666666666667
-3.221	7.166666666666667
-3.22	7.166666666666667
-3.219	7.166666666666667
-3.218	7.166666666666667
-3.217	7.166666666666667
-3.216	7.166666666666667
-3.215	7.166666666666667
-3.214	7.166666666666667
-3.213	7.166666666666667
-3.212	7.166666666666667
-3.211	7.166666666666667
-3.21	7.166666666666667
-3.209	7.166666666666667
-3.208	7.166666666666667
-3.207	7.166666666666667
-3.206	7.166666666666667
-3.205	7.166666666666667
-3.204	7.166666666666667
-3.203	7.166666666666667
-3.202	7.166666666666667
-3.201	7.166666666666667
-3.2	7.166666666666667
-3.199	7.166666666666667
-3.198	7.166666666666667
-3.197	7.166666666666667
-3.196	7.166666666666667
-3.195	7.166666666666667
-3.194	7.166666666666667
-3.193	7.166666666666667
-3.192	7.166666666666667
-3.191	7.166666666666667
-3.19	7.166666666666667
-3.189	7.166666666666667
-3.188	7.166666666666667
-3.187	7.166666666666667
-3.186	7.166666666666667
-3.185	7.166666666666667
-3.184	7.166666666666667
-3.183	7.166666666666667
-3.182	7.166666666666667
-3.181	7.166666666666667
-3.18	7.166666666666667
-3.179	7.166666666666667
-3.178	7.166666666666667
-3.177	7.166666666666667
-3.176	7.166666666666667
-3.175	7.166666666666667
-3.174	7.166666666666667
-3.173	7.166666666666667
-3.172	7.166666666666667
-3.171	7.166666666666667
-3.17	7.166666666666667
-3.169	7.166666666666667
-3.168	7.166666666666667
-3.167	7.166666666666667
-3.166	7.166666666666667
-3.165	7.166666666666667
-3.164	7.166666666666667
-3.163	7.166666666666667
-3.162	7.166666666666667
-3.161	7.166666666666667
-3.16	7.166666666666667
-3.159	7.166666666666667
-3.158	7.166666666666667
-3.157	7.166666666666667
-3.156	7.166666666666667
-3.155	7.166666666666667
-3.154	7.166666666666667
-3.153	7.166666666666667
-3.152	7.166666666666667
-3.151	7.166666666666667
-3.15	7.166666666666667
-3.149	7.166666666666667
-3.148	7.166666666666667
-3.147	7.166666666666667
-3.146	7.166666666666667
-3.145	7.166666666666667
-3.144	7.166666666666667
-3.143	7.166666666666667
-3.142	7.166666666666667
-3.141	7.166666666666667
-3.14	7.166666666666667
-3.139	7.166666666666667
-3.138	7.166666666666667
-3.137	7.166666666666667
-3.136	7.166666666666667
-3.135	7.166666666666667
-3.134	7.166666666666667
-3.133	7.166666666666667
-3.132	7.166666666666667
-3.131	7.166666666666667
-3.13	7.166666666666667
-3.129	7.166666666666667
-3.128	7.166666666666667
-3.127	7.166666666666667
-3.126	7.166666666666667
-3.125	7.166666666666667
-3.124	7.166666666666667
-3.123	7.166666666666667
-3.122	7.166666666666667
-3.121	7.166666666666667
-3.12	7.166666666666667
-3.119	7.166666666666667
-3.118	7.166666666666667
-3.117	7.166666666666667
-3.116	7.166666666666667
-3.115	7.166666666666667
-3.114	7.166666666666667
-3.113	7.166666666666667
-3.112	7.166666666666667
-3.111	7.166666666666667
-3.11	7.166666666666667
-3.109	7.166666666666667
-3.108	7.166666666666667
-3.107	7.166666666666667
-3.106	7.166666666666667
-3.105	7.166666666666667
-3.104	7.166666666666667
-3.103	7.166666666666667
-3.102	7.166666666666667
-3.101	7.166666666666667
-3.1	7.166666666666667
-3.099	7.166666666666667
-3.098	7.166666666666667
-3.097	7.166666666666667
-3.096	7.166666666666667
-3.095	7.166666666666667
-3.094	7.166666666666667
-3.093	7.166666666666667
-3.092	7.166666666666667
-3.091	7.166666666666667
-3.09	7.166666666666667
-3.089	7.166666666666667
-3.088	7.166666666666667
-3.087	7.166666666666667
-3.086	7.166666666666667
-3.085	7.166666666666667
-3.084	7.166666666666667
-3.083	7.166666666666667
-3.082	7.166666666666667
-3.081	7.166666666666667
-3.08	7.166666666666667
-3.079	7.166666666666667
-3.078	7.166666666666667
-3.077	7.166666666666667
-3.076	7.166666666666667
-3.075	7.166666666666667
-3.074	7.166666666666667
-3.073	7.166666666666667
-3.072	7.166666666666667
-3.071	7.166666666666667
-3.07	7.166666666666667
-3.069	7.166666666666667
-3.068	7.166666666666667
-3.067	7.166666666666667
-3.066	7.166666666666667
-3.065	7.166666666666667
-3.064	7.166666666666667
-3.063	7.166666666666667
-3.062	7.166666666666667
-3.061	7.166666666666667
-3.06	7.166666666666667
-3.059	7.166666666666667
-3.058	7.166666666666667
-3.057	7.166666666666667
-3.056	7.166666666666667
-3.055	7.166666666666667
-3.054	7.166666666666667
-3.053	7.166666666666667
-3.052	7.166666666666667
-3.051	7.166666666666667
-3.05	7.166666666666667
-3.049	7.166666666666667
-3.048	7.166666666666667
-3.047	7.166666666666667
-3.046	7.166666666666667
-3.045	7.166666666666667
-3.044	7.166666666666667
-3.043	7.166666666666667
-3.042	7.166666666666667
-3.041	7.166666666666667
-3.04	7.166666666666667
-3.039	7.166666666666667
-3.038	7.166666666666667
-3.037	7.166666666666667
-3.036	7.166666666666667
-3.035	7.166666666666667
-3.034	7.166666666666667
-3.033	7.166666666666667
-3.032	7.166666666666667
-3.031	7.166666666666667
-3.03	7.166666666666667
-3.029	7.166666666666667
-3.028	7.166666666666667
-3.027	7.166666666666667
-3.026	7.166666666666667
-3.025	7.166666666666667
-3.024	7.166666666666667
-3.023	7.166666666666667
-3.022	7.166666666666667
-3.021	7.166666666666667
-3.02	7.166666666666667
-3.019	7.166666666666667
-3.018	7.166666666666667
-3.017	7.166666666666667
-3.016	7.166666666666667
-3.015	7.166666666666667
-3.014	7.166666666666667
-3.013	7.166666666666667
-3.012	7.166666666666667
-3.011	7.166666666666667
-3.01	7.166666666666667
-3.009	7.166666666666667
-3.008	7.166666666666667
-3.007	7.166666666666667
-3.006	7.166666666666667
-3.005	7.166666666666667
-3.004	7.166666666666667
-3.003	7.166666666666667
-3.002	7.166666666666667
-3.001	7.166666666666667
-3.0	7.166666666666667
-2.999	7.166666666666667
-2.998	7.166666666666667
-2.997	7.166666666666667
-2.996	7.166666666666667
-2.995	7.166666666666667
-2.994	7.166666666666667
-2.993	7.166666666666667
-2.992	7.166666666666667
-2.991	7.166666666666667
-2.99	7.166666666666667
-2.989	7.166666666666667
-2.988	7.166666666666667
-2.987	7.166666666666667
-2.986	7.166666666666667
-2.985	7.166666666666667
-2.984	7.166666666666667
-2.983	7.166666666666667
-2.982	7.166666666666667
-2.981	7.166666666666667
-2.98	7.166666666666667
-2.979	7.166666666666667
-2.978	7.166666666666667
-2.977	7.166666666666667
-2.976	7.166666666666667
-2.975	7.166666666666667
-2.974	7.166666666666667
-2.973	7.166666666666667
-2.972	7.166666666666667
-2.971	7.166666666666667
-2.97	7.166666666666667
-2.969	7.166666666666667
-2.968	7.166666666666667
-2.967	7.166666666666667
-2.966	7.166666666666667
-2.965	7.166666666666667
-2.964	7.166666666666667
-2.963	7.166666666666667
-2.962	7.166666666666667
-2.961	7.166666666666667
-2.96	7.166666666666667
-2.959	7.166666666666667
-2.958	7.166666666666667
-2.957	7.166666666666667
-2.956	7.166666666666667
-2.955	7.166666666666667
-2.954	7.166666666666667
-2.953	7.166666666666667
-2.952	7.166666666666667
-2.951	7.166666666666667
-2.95	7.166666666666667
-2.949	7.166666666666667
-2.948	7.166666666666667
-2.947	7.166666666666667
-2.946	7.166666666666667
-2.945	7.166666666666667
-2.944	7.166666666666667
-2.943	7.166666666666667
-2.942	7.166666666666667
-2.941	7.166666666666667
-2.94	7.166666666666667
-2.939	7.166666666666667
-2.938	7.166666666666667
-2.937	7.166666666666667
-2.936	7.166666666666667
-2.935	7.166666666666667
-2.934	7.166666666666667
-2.933	7.166666666666667
-2.932	7.166666666666667
-2.931	7.166666666666667
-2.93	7.166666666666667
-2.929	7.166666666666667
-2.928	7.166666666666667
-2.927	7.166666666666667
-2.926	7.166666666666667
-2.925	7.166666666666667
-2.924	7.166666666666667
-2.923	7.166666666666667
-2.922	7.166666666666667
-2.921	7.166666666666667
-2.92	7.166666666666667
-2.919	7.166666666666667
-2.918	7.166666666666667
-2.917	7.166666666666667
-2.916	7.166666666666667
-2.915	7.166666666666667
-2.914	7.166666666666667
-2.913	7.166666666666667
-2.912	7.166666666666667
-2.911	7.166666666666667
-2.91	7.166666666666667
-2.909	7.166666666666667
-2.908	7.166666666666667
-2.907	7.166666666666667
-2.906	7.166666666666667
-2.905	7.166666666666667
-2.904	7.166666666666667
-2.903	7.166666666666667
-2.902	7.166666666666667
-2.901	7.166666666666667
-2.9	7.166666666666667
-2.899	7.166666666666667
-2.898	7.166666666666667
-2.897	7.166666666666667
-2.896	7.166666666666667
-2.895	7.166666666666667
-2.894	7.166666666666667
-2.893	7.166666666666667
-2.892	7.166666666666667
-2.891	7.166666666666667
-2.89	7.166666666666667
-2.889	7.166666666666667
-2.888	7.166666666666667
-2.887	7.166666666666667
-2.886	7.166666666666667
-2.885	7.166666666666667
-2.884	7.166666666666667
-2.883	7.166666666666667
-2.882	7.166666666666667
-2.881	7.166666666666667
-2.88	7.166666666666667
-2.879	7.166666666666667
-2.878	7.166666666666667
-2.877	7.166666666666667
-2.876	7.166666666666667
-2.875	7.166666666666667
-2.874	7.166666666666667
-2.873	7.166666666666667
-2.872	7.166666666666667
-2.871	7.166666666666667
-2.87	7.166666666666667
-2.869	7.166666666666667
-2.868	7.166666666666667
-2.867	7.166666666666667
-2.866	7.166666666666667
-2.865	7.166666666666667
-2.864	7.166666666666667
-2.863	7.166666666666667
-2.862	7.166666666666667
-2.861	7.166666666666667
-2.86	7.166666666666667
-2.859	7.166666666666667
-2.858	7.166666666666667
-2.857	7.166666666666667
-2.856	7.166666666666667
-2.855	7.166666666666667
-2.854	7.166666666666667
-2.853	7.166666666666667
-2.852	7.166666666666667
-2.851	7.166666666666667
-2.85	7.166666666666667
-2.849	7.166666666666667
-2.848	10.75
-2.847	10.75
-2.846	10.75
-2.845	10.75
-2.844	10.75
-2.843	10.75
-2.842	10.75
-2.841	10.75
-2.84	10.75
-2.839	10.75
-2.838	10.75
-2.837	10.75
-2.836	10.75
-2.835	10.75
-2.834	10.75
-2.833	10.75
-2.832	10.75
-2.831	10.75
-2.83	10.75
-2.829	10.75
-2.828	10.75
-2.827	10.75
-2.826	10.75
-2.825	10.75
-2.824	10.75
-2.823	10.75
-2.822	10.75
-2.821	10.75
-2.82	10.75
-2.819	10.75
-2.818	10.75
-2.817	10.75
-2.816	10.75
-2.815	10.75
-2.814	10.75
-2.813	10.75
-2.812	10.75
-2.811	10.75
-2.81	10.75
-2.809	10.75
-2.808	10.75
-2.807	10.75
-2.806	10.75
-2.805	10.75
-2.804	10.75
-2.803	10.75
-2.802	10.75
-2.801	10.75
-2.8	10.75
-2.799	10.75
-2.798	10.75
-2.797	10.75
-2.796	10.75
-2.795	10.75
-2.794	10.75
-2.793	10.75
-2.792	10.75
-2.791	10.75
-2.79	10.75
-2.789	10.75
-2.788	10.75
-2.787	10.75
-2.786	10.75
-2.785	10.75
-2.784	10.75
-2.783	10.75
-2.782	10.75
-2.781	10.75
-2.78	10.75
-2.779	10.75
-2.778	10.75
-2.777	25.083333333333332
-2.776	25.083333333333332
-2.775	25.083333333333332
-2.774	25.083333333333332
-2.773	25.083333333333332
-2.772	25.083333333333332
-2.771	25.083333333333332
-2.77	25.083333333333332
-2.769	25.083333333333332
-2.768	25.083333333333332
-2.767	25.083333333333332
-2.766	25.083333333333332
-2.765	25.083333333333332
-2.764	25.083333333333332
-2.763	25.083333333333332
-2.762	25.083333333333332
-2.761	25.083333333333332
-2.76	25.083333333333332
-2.759	25.083333333333332
-2.758	25.083333333333332
-2.757	25.083333333333332
-2.756	25.083333333333332
-2.755	25.083333333333332
-2.754	25.083333333333332
-2.753	25.083333333333332
-2.752	25.083333333333332
-2.751	25.083333333333332
-2.75	25.083333333333332
-2.749	25.083333333333332
-2.748	25.083333333333332
-2.747	25.083333333333332
-2.746	25.083333333333332
-2.745	25.083333333333332
-2.744	25.083333333333332
-2.743	25.083333333333332
-2.742	25.083333333333332
-2.741	25.083333333333332
-2.74	25.083333333333332
-2.739	25.083333333333332
-2.738	25.083333333333332
-2.737	25.083333333333332
-2.736	25.083333333333332
-2.735	25.083333333333332
-2.734	25.083333333333332
-2.733	25.083333333333332
-2.732	25.083333333333332
-2.731	25.083333333333332
-2.73	25.083333333333332
-2.729	25.083333333333332
-2.728	25.083333333333332
-2.727	25.083333333333332
-2.726	25.083333333333332
-2.725	25.083333333333332
-2.724	25.083333333333332
-2.723	25.083333333333332
-2.722	25.083333333333332
-2.721	25.083333333333332
-2.72	25.083333333333332
-2.719	25.083333333333332
-2.718	25.083333333333332
-2.717	25.083333333333332
-2.716	25.083333333333332
-2.715	25.083333333333332
-2.714	25.083333333333332
-2.713	25.083333333333332
-2.712	25.083333333333332
-2.711	25.083333333333332
-2.71	25.083333333333332
-2.709	25.083333333333332
-2.708	25.083333333333332
-2.707	25.083333333333332
-2.706	25.083333333333332
-2.705	25.083333333333332
-2.704	25.083333333333332
-2.703	25.083333333333332
-2.702	25.083333333333332
-2.701	25.083333333333332
-2.7	25.083333333333332
-2.699	25.083333333333332
-2.698	25.083333333333332
-2.697	25.083333333333332
-2.696	25.083333333333332
-2.695	25.083333333333332
-2.694	25.083333333333332
-2.693	25.083333333333332
-2.692	25.083333333333332
-2.691	25.083333333333332
-2.69	25.083333333333332
-2.689	25.083333333333332
-2.688	25.083333333333332
-2.687	25.083333333333332
-2.686	25.083333333333332
-2.685	25.083333333333332
-2.684	25.083333333333332
-2.683	25.083333333333332
-2.682	25.083333333333332
-2.681	25.083333333333332
-2.68	25.083333333333332
-2.679	25.083333333333332
-2.678	25.083333333333332
-2.677	25.083333333333332
-2.676	25.083333333333332
-2.675	25.083333333333332
-2.674	25.083333333333332
-2.673	25.083333333333332
-2.672	25.083333333333332
-2.671	25.083333333333332
-2.67	25.083333333333332
-2.669	25.083333333333332
-2.668	25.083333333333332
-2.667	25.083333333333332
-2.666	25.083333333333332
-2.665	25.083333333333332
-2.664	25.083333333333332
-2.663	25.083333333333332
-2.662	25.083333333333332
-2.661	25.083333333333332
-2.66	25.083333333333332
-2.659	25.083333333333332
-2.658	25.083333333333332
-2.657	25.083333333333332
-2.656	25.083333333333332
-2.655	25.083333333333332
-2.654	25.083333333333332
-2.653	25.083333333333332
-2.652	25.083333333333332
-2.651	25.083333333333332
-2.65	25.083333333333332
-2.649	25.083333333333332
-2.648	25.083333333333332
-2.647	25.083333333333332
-2.646	25.083333333333332
-2.645	25.083333333333332
-2.644	25.083333333333332
-2.643	25.083333333333332
-2.642	25.083333333333332
-2.641	25.083333333333332
-2.64	25.083333333333332
-2.639	25.083333333333332
-2.638	25.083333333333332
-2.637	25.083333333333332
-2.636	25.083333333333332
-2.635	25.083333333333332
-2.634	25.083333333333332
-2.633	25.083333333333332
-2.632	25.083333333333332
-2.631	25.083333333333332
-2.63	25.083333333333332
-2.629	25.083333333333332
-2.628	25.083333333333332
-2.627	25.083333333333332
-2.626	25.083333333333332
-2.625	25.083333333333332
-2.624	25.083333333333332
-2.623	25.083333333333332
-2.622	25.083333333333332
-2.621	25.083333333333332
-2.62	25.083333333333332
-2.619	25.083333333333332
-2.618	25.083333333333332
-2.617	25.083333333333332
-2.616	25.083333333333332
-2.615	25.083333333333332
-2.614	25.083333333333332
-2.613	25.083333333333332
-2.612	25.083333333333332
-2.611	25.083333333333332
-2.61	25.083333333333332
-2.609	25.083333333333332
-2.608	25.083333333333332
-2.607	25.083333333333332
-2.606	25.083333333333332
-2.605	25.083333333333332
-2.604	25.083333333333332
-2.603	25.083333333333332
-2.602	25.083333333333332
-2.601	25.083333333333332
-2.6	25.083333333333332
-2.599	25.083333333333332
-2.598	25.083333333333332
-2.597	25.083333333333332
-2.596	25.083333333333332
-2.595	25.083333333333332
-2.594	25.083333333333332
-2.593	25.083333333333332
-2.592	25.083333333333332
-2.591	25.083333333333332
-2.59	25.083333333333332
-2.589	25.083333333333332
-2.588	25.083333333333332
-2.587	25.083333333333332
-2.586	25.083333333333332
-2.585	25.083333333333332
-2.584	25.083333333333332
-2.583	25.083333333333332
-2.582	25.083333333333332
-2.581	25.083333333333332
-2.58	25.083333333333332
-2.579	25.083333333333332
-2.578	25.083333333333332
-2.577	25.083333333333332
-2.576	25.083333333333332
-2.575	25.083333333333332
-2.574	25.083333333333332
-2.573	25.083333333333332
-2.572	25.083333333333332
-2.571	25.083333333333332
-2.57	25.083333333333332
-2.569	25.083333333333332
-2.568	25.083333333333332
-2.567	25.083333333333332
-2.566	25.083333333333332
-2.565	25.083333333333332
-2.564	25.083333333333332
-2.563	25.083333333333332
-2.562	25.083333333333332
-2.561	25.083333333333332
-2.56	25.083333333333332
-2.559	25.083333333333332
-2.558	25.083333333333332
-2.557	25.083333333333332
-2.556	25.083333333333332
-2.555	25.083333333333332
-2.554	25.083333333333332
-2.553	25.083333333333332
-2.552	25.083333333333332
-2.551	25.083333333333332
-2.55	25.083333333333332
-2.549	25.083333333333332
-2.548	25.083333333333332
-2.547	25.083333333333332
-2.546	25.083333333333332
-2.545	25.083333333333332
-2.544	25.083333333333332
-2.543	25.083333333333332
-2.542	25.083333333333332
-2.541	25.083333333333332
-2.54	25.083333333333332
-2.539	25.083333333333332
-2.538	25.083333333333332
-2.537	25.083333333333332
-2.536	25.083333333333332
-2.535	25.083333333333332
-2.534	25.083333333333332
-2.533	25.083333333333332
-2.532	25.083333333333332
-2.531	25.083333333333332
-2.53	25.083333333333332
-2.529	25.083333333333332
-2.528	25.083333333333332
-2.527	25.083333333333332
-2.526	25.083333333333332
-2.525	25.083333333333332
-2.524	25.083333333333332
-2.523	25.083333333333332
-2.522	25.083333333333332
-2.521	25.083333333333332
-2.52	25.083333333333332
-2.519	25.083333333333332
-2.518	25.083333333333332
-2.517	25.083333333333332
-2.516	25.083333333333332
-2.515	25.083333333333332
-2.514	25.083333333333332
-2.513	25.083333333333332
-2.512	25.083333333333332
-2.511	25.083333333333332
-2.51	25.083333333333332
-2.509	25.083333333333332
-2.508	25.083333333333332
-2.507	25.083333333333332
-2.506	25.083333333333332
-2.505	25.083333333333332
-2.504	25.083333333333332
-2.503	25.083333333333332
-2.502	25.083333333333332
-2.501	25.083333333333332
-2.5	25.083333333333332
-2.499	25.083333333333332
-2.498	25.083333333333332
-2.497	25.083333333333332
-2.496	25.083333333333332
-2.495	25.083333333333332
-2.494	25.083333333333332
-2.493	25.083333333333332
-2.492	25.083333333333332
-2.491	25.083333333333332
-2.49	25.083333333333332
-2.489	25.083333333333332
-2.488	25.083333333333332
-2.487	25.083333333333332
-2.486	25.083333333333332
-2.485	25.083333333333332
-2.484	25.083333333333332
-2.483	25.083333333333332
-2.482	25.083333333333332
-2.481	25.083333333333332
-2.48	25.083333333333332
-2.479	25.083333333333332
-2.478	25.083333333333332
-2.477	25.083333333333332
-2.476	25.083333333333332
-2.475	25.083333333333332
-2.474	25.083333333333332
-2.473	25.083333333333332
-2.472	25.083333333333332
-2.471	25.083333333333332
-2.47	25.083333333333332
-2.469	25.083333333333332
-2.468	25.083333333333332
-2.467	25.083333333333332
-2.466	25.083333333333332
-2.465	25.083333333333332
-2.464	25.083333333333332
-2.463	25.083333333333332
-2.462	25.083333333333332
-2.461	25.083333333333332
-2.46	25.083333333333332
-2.459	25.083333333333332
-2.458	25.083333333333332
-2.457	25.083333333333332
-2.456	25.083333333333332
-2.455	25.083333333333332
-2.454	25.083333333333332
-2.453	25.083333333333332
-2.452	25.083333333333332
-2.451	25.083333333333332
-2.45	25.083333333333332
-2.449	25.083333333333332
-2.448	25.083333333333332
-2.447	25.083333333333332
-2.446	25.083333333333332
-2.445	25.083333333333332
-2.444	25.083333333333332
-2.443	25.083333333333332
-2.442	25.083333333333332
-2.441	25.083333333333332
-2.44	25.083333333333332
-2.439	25.083333333333332
-2.438	25.083333333333332
-2.437	25.083333333333332
-2.436	25.083333333333332
-2.435	25.083333333333332
-2.434	25.083333333333332
-2.433	25.083333333333332
-2.432	25.083333333333332
-2.431	25.083333333333332
-2.43	25.083333333333332
-2.429	25.083333333333332
-2.428	25.083333333333332
-2.427	25.083333333333332
-2.426	25.083333333333332
-2.425	25.083333333333332
-2.424	25.083333333333332
-2.423	25.083333333333332
-2.422	25.083333333333332
-2.421	25.083333333333332
-2.42	25.083333333333332
-2.419	25.083333333333332
-2.418	25.083333333333332
-2.417	25.083333333333332
-2.416	25.083333333333332
-2.415	25.083333333333332
-2.414	25.083333333333332
-2.413	25.083333333333332
-2.412	25.083333333333332
-2.411	25.083333333333332
-2.41	25.083333333333332
-2.409	25.083333333333332
-2.408	25.083333333333332
-2.407	25.083333333333332
-2.406	25.083333333333332
-2.405	25.083333333333332
-2.404	25.083333333333332
-2.403	25.083333333333332
-2.402	25.083333333333332
-2.401	25.083333333333332
-2.4	25.083333333333332
-2.399	25.083333333333332
-2.398	25.083333333333332
-2.397	25.083333333333332
-2.396	25.083333333333332
-2.395	25.083333333333332
-2.394	25.083333333333332
-2.393	25.083333333333332
-2.392	25.083333333333332
-2.391	25.083333333333332
-2.39	25.083333333333332
-2.389	25.083333333333332
-2.388	25.083333333333332
-2.387	25.083333333333332
-2.386	25.083333333333332
-2.385	25.083333333333332
-2.384	25.083333333333332
-2.383	25.083333333333332
-2.382	25.083333333333332
-2.381	25.083333333333332
-2.38	25.083333333333332
-2.379	25.083333333333332
-2.378	25.083333333333332
-2.377	25.083333333333332
-2.376	25.083333333333332
-2.375	25.083333333333332
-2.374	25.083333333333332
-2.373	25.083333333333332
-2.372	25.083333333333332
-2.371	25.083333333333332
-2.37	25.083333333333332
-2.369	25.083333333333332
-2.368	25.083333333333332
-2.367	25.083333333333332
-2.366	25.083333333333332
-2.365	25.083333333333332
-2.364	25.083333333333332
-2.363	25.083333333333332
-2.362	25.083333333333332
-2.361	25.083333333333332
-2.36	25.083333333333332
-2.359	25.083333333333332
-2.358	25.083333333333332
-2.357	25.083333333333332
-2.356	25.083333333333332
-2.355	25.083333333333332
-2.354	25.083333333333332
-2.353	25.083333333333332
-2.352	25.083333333333332
-2.351	25.083333333333332
-2.35	25.083333333333332
-2.349	25.083333333333332
-2.348	25.083333333333332
-2.347	25.083333333333332
-2.346	25.083333333333332
-2.345	25.083333333333332
-2.344	25.083333333333332
-2.343	4.333333333333333
-2.342	4.333333333333333
-2.341	4.333333333333333
-2.34	4.333333333333333
-2.339	4.333333333333333
-2.338	4.333333333333333
-2.337	4.333333333333333
-2.336	4.333333333333333
-2.335	4.333333333333333
-2.334	4.333333333333333
-2.333	4.333333333333333
-2.332	4.333333333333333
-2.331	4.333333333333333
-2.33	4.333333333333333
-2.329	4.333333333333333
-2.328	4.333333333333333
-2.327	4.333333333333333
-2.326	4.333333333333333
-2.325	4.333333333333333
-2.324	4.333333333333333
-2.323	4.333333333333333
-2.322	4.333333333333333
-2.321	4.333333333333333
-2.32	4.333333333333333
-2.319	4.333333333333333
-2.318	4.333333333333333
-2.317	4.333333333333333
-2.316	4.333333333333333
-2.315	4.333333333333333
-2.314	4.333333333333333
-2.313	4.333333333333333
-2.312	4.333333333333333
-2.311	4.333333333333333
-2.31	4.333333333333333
-2.309	4.333333333333333
-2.308	4.333333333333333
-2.307	4.333333333333333
-2.306	4.333333333333333
-2.305	4.333333333333333
-2.304	4.333333333333333
-2.303	4.333333333333333
-2.302	4.333333333333333
-2.301	4.333333333333333
-2.3	4.333333333333333
-2.299	4.333333333333333
-2.298	4.333333333333333
-2.297	4.333333333333333
-2.296	4.333333333333333
-2.295	4.333333333333333
-2.294	4.333333333333333
-2.293	4.333333333333333
-2.292	4.333333333333333
-2.291	4.333333333333333
-2.29	4.333333333333333
-2.289	4.333333333333333
-2.288	4.333333333333333
-2.287	4.333333333333333
-2.286	4.333333333333333
-2.285	4.333333333333333
-2.284	4.333333333333333
-2.283	4.333333333333333
-2.282	4.333333333333333
-2.281	4.333333333333333
-2.28	4.333333333333333
-2.279	4.333333333333333
-2.278	4.333333333333333
-2.277	4.333333333333333
-2.276	4.333333333333333
-2.275	4.333333333333333
-2.274	4.333333333333333
-2.273	4.333333333333333
-2.272	4.333333333333333
-2.271	4.333333333333333
-2.27	4.333333333333333
-2.269	4.333333333333333
-2.268	4.333333333333333
-2.267	4.333333333333333
-2.266	4.333333333333333
-2.265	4.333333333333333
-2.264	4.333333333333333
-2.263	4.333333333333333
-2.262	4.333333333333333
-2.261	4.333333333333333
-2.26	4.333333333333333
-2.259	4.333333333333333
-2.258	4.333333333333333
-2.257	4.333333333333333
-2.256	4.333333333333333
-2.255	4.333333333333333
-2.254	4.333333333333333
-2.253	4.333333333333333
-2.252	4.333333333333333
-2.251	4.333333333333333
-2.25	4.333333333333333
-2.249	4.333333333333333
-2.248	4.333333333333333
-2.247	4.333333333333333
-2.246	4.333333333333333
-2.245	4.333333333333333
-2.244	4.333333333333333
-2.243	4.333333333333333
-2.242	4.333333333333333
-2.241	4.333333333333333
-2.24	4.333333333333333
-2.239	4.333333333333333
-2.238	4.333333333333333
-2.237	4.333333333333333
-2.236	4.333333333333333
-2.235	4.333333333333333
-2.234	4.333333333333333
-2.233	4.333333333333333
-2.232	4.333333333333333
-2.231	4.333333333333333
-2.23	4.333333333333333
-2.229	4.333333333333333
-2.228	4.333333333333333
-2.227	4.333333333333333
-2.226	4.333333333333333
-2.225	4.333333333333333
-2.224	4.333333333333333
-2.223	4.333333333333333
-2.222	4.333333333333333
-2.221	4.333333333333333
-2.22	4.333333333333333
-2.219	4.333333333333333
-2.218	4.333333333333333
-2.217	4.333333333333333
-2.216	4.333333333333333
-2.215	4.333333333333333
-2.214	4.333333333333333
-2.213	4.333333333333333
-2.212	4.333333333333333
-2.211	4.333333333333333
-2.21	4.333333333333333
-2.209	4.333333333333333
-2.208	4.333333333333333
-2.207	4.333333333333333
-2.206	4.333333333333333
-2.205	4.333333333333333
-2.204	4.333333333333333
-2.203	4.333333333333333
-2.202	4.333333333333333
-2.201	4.333333333333333
-2.2	4.333333333333333
-2.199	4.333333333333333
-2.198	4.333333333333333
-2.197	4.333333333333333
-2.196	4.333333333333333
-2.195	4.333333333333333
-2.194	4.333333333333333
-2.193	4.333333333333333
-2.192	4.333333333333333
-2.191	4.333333333333333
-2.19	4.333333333333333
-2.189	4.333333333333333
-2.188	4.333333333333333
-2.187	4.333333333333333
-2.186	4.333333333333333
-2.185	4.333333333333333
-2.184	4.333333333333333
-2.183	4.333333333333333
-2.182	4.333333333333333
-2.181	4.333333333333333
-2.18	4.333333333333333
-2.179	4.333333333333333
-2.178	4.333333333333333
-2.177	4.333333333333333
-2.176	4.333333333333333
-2.175	4.333333333333333
-2.174	4.333333333333333
-2.173	4.333333333333333
-2.172	4.333333333333333
-2.171	4.333333333333333
-2.17	4.333333333333333
-2.169	4.333333333333333
-2.168	4.333333333333333
-2.167	4.333333333333333
-2.166	4.333333333333333
-2.165	4.333333333333333
-2.164	4.333333333333333
-2.163	4.333333333333333
-2.162	4.333333333333333
-2.161	4.333333333333333
-2.16	4.333333333333333
-2.159	4.333333333333333
-2.158	4.333333333333333
-2.157	4.333333333333333
-2.156	4.333333333333333
-2.155	4.333333333333333
-2.154	4.333333333333333
-2.153	4.333333333333333
-2.152	4.333333333333333
-2.151	4.333333333333333
-2.15	4.333333333333333
-2.149	4.333333333333333
-2.148	4.333333333333333
-2.147	4.333333333333333
-2.146	4.333333333333333
-2.145	4.333333333333333
-2.144	4.333333333333333
-2.143	4.333333333333333
-2.142	4.333333333333333
-2.141	4.333333333333333
-2.14	4.333333333333333
-2.139	4.333333333333333
-2.138	4.333333333333333
-2.137	4.333333333333333
-2.136	4.333333333333333
-2.135	4.333333333333333
-2.134	4.333333333333333
-2.133	4.333333333333333
-2.132	4.333333333333333
-2.131	4.333333333333333
-2.13	4.333333333333333
-2.129	4.333333333333333
-2.128	4.333333333333333
-2.127	4.333333333333333
-2.126	4.333333333333333
-2.125	4.333333333333333
-2.124	4.333333333333333
-2.123	4.333333333333333
-2.122	4.333333333333333
-2.121	4.333333333333333
-2.12	4.333333333333333
-2.119	4.333333333333333
-2.118	4.333333333333333
-2.117	4.333333333333333
-2.116	4.333333333333333
-2.115	4.333333333333333
-2.114	4.333333333333333
-2.113	4.333333333333333
-2.112	4.333333333333333
-2.111	4.333333333333333
-2.11	4.333333333333333
-2.109	4.333333333333333
-2.108	4.333333333333333
-2.107	4.333333333333333
-2.106	4.333333333333333
-2.105	4.333333333333333
-2.104	4.333333333333333
-2.103	4.333333333333333
-2.102	4.333333333333333
-2.101	4.333333333333333
-2.1	4.333333333333333
-2.099	4.333333333333333
-2.098	4.333333333333333
-2.097	4.333333333333333
-2.096	4.333333333333333
-2.095	4.333333333333333
-2.094	4.333333333333333
-2.093	4.333333333333333
-2.092	4.333333333333333
-2.091	4.333333333333333
-2.09	4.333333333333333
-2.089	4.333333333333333
-2.088	4.333333333333333
-2.087	4.333333333333333
-2.086	4.333333333333333
-2.085	4.333333333333333
-2.084	4.333333333333333
-2.083	4.333333333333333
-2.082	4.333333333333333
-2.081	4.333333333333333
-2.08	4.333333333333333
-2.079	4.333333333333333
-2.078	4.333333333333333
-2.077	4.333333333333333
-2.076	4.333333333333333
-2.075	4.333333333333333
-2.074	4.333333333333333
-2.073	4.333333333333333
-2.072	4.333333333333333
-2.071	4.333333333333333
-2.07	4.333333333333333
-2.069	4.333333333333333
-2.068	4.333333333333333
-2.067	4.333333333333333
-2.066	4.333333333333333
-2.065	4.333333333333333
-2.064	4.333333333333333
-2.063	4.333333333333333
-2.062	4.333333333333333
-2.061	4.333333333333333
-2.06	4.333333333333333
-2.059	4.333333333333333
-2.058	4.333333333333333
-2.057	4.333333333333333
-2.056	4.333333333333333
-2.055	4.333333333333333
-2.054	4.333333333333333
-2.053	4.333333333333333
-2.052	4.333333333333333
-2.051	4.333333333333333
-2.05	4.333333333333333
-2.049	4.333333333333333
-2.048	4.333333333333333
-2.047	4.333333333333333
-2.046	4.333333333333333
-2.045	4.333333333333333
-2.044	4.333333333333333
-2.043	4.333333333333333
-2.042	4.333333333333333
-2.041	4.333333333333333
-2.04	4.333333333333333
-2.039	4.333333333333333
-2.038	4.333333333333333
-2.037	4.333333333333333
-2.036	4.333333333333333
-2.035	4.333333333333333
-2.034	4.333333333333333
-2.033	4.333333333333333
-2.032	4.333333333333333
-2.031	4.333333333333333
-2.03	4.333333333333333
-2.029	4.333333333333333
-2.028	4.333333333333333
-2.027	4.333333333333333
-2.026	4.333333333333333
-2.025	4.333333333333333
-2.024	4.333333333333333
-2.023	4.333333333333333
-2.022	4.333333333333333
-2.021	4.333333333333333
-2.02	4.333333333333333
-2.019	4.333333333333333
-2.018	4.333333333333333
-2.017	4.333333333333333
-2.016	4.333333333333333
-2.015	4.333333333333333
-2.014	4.333333333333333
-2.013	4.333333333333333
-2.012	4.333333333333333
-2.011	4.333333333333333
-2.01	4.333333333333333
-2.009	4.333333333333333
-2.008	4.333333333333333
-2.007	4.333333333333333
-2.006	4.333333333333333
-2.005	4.333333333333333
-2.004	4.333333333333333
-2.003	4.333333333333333
-2.002	4.333333333333333
-2.001	4.333333333333333
-2.0	4.333333333333333
-1.999	4.333333333333333
-1.998	4.333333333333333
-1.997	4.333333333333333
-1.996	4.333333333333333
-1.995	4.333333333333333
-1.994	4.333333333333333
-1.993	4.333333333333333
-1.992	4.333333333333333
-1.991	4.333333333333333
-1.99	4.333333333333333
-1.989	4.333333333333333
-1.988	4.333333333333333
-1.987	4.333333333333333
-1.986	4.333333333333333
-1.985	4.333333333333333
-1.984	4.333333333333333
-1.983	4.333333333333333
-1.982	4.333333333333333
-1.981	4.333333333333333
-1.98	4.333333333333333
-1.979	4.333333333333333
-1.978	4.333333333333333
-1.977	4.333333333333333
-1.976	4.333333333333333
-1.975	4.333333333333333
-1.974	4.333333333333333
-1.973	4.333333333333333
-1.972	4.333333333333333
-1.971	4.333333333333333
-1.97	4.333333333333333
-1.969	4.333333333333333
-1.968	4.333333333333333
-1.967	4.333333333333333
-1.966	4.333333333333333
-1.965	4.333333333333333
-1.964	4.333333333333333
-1.963	4.333333333333333
-1.962	4.333333333333333
-1.961	4.333333333333333
-1.96	4.333333333333333
-1.959	4.333333333333333
-1.958	4.333333333333333
-1.957	4.333333333333333
-1.956	4.333333333333333
-1.955	4.333333333333333
-1.954	4.333333333333333
-1.953	4.333333333333333
-1.952	4.333333333333333
-1.951	4.333333333333333
-1.95	4.333333333333333
-1.949	4.333333333333333
-1.948	4.333333333333333
-1.947	4.333333333333333
-1.946	4.333333333333333
-1.945	4.333333333333333
-1.944	4.333333333333333
-1.943	4.333333333333333
-1.942	4.333333333333333
-1.941	4.333333333333333
-1.94	4.333333333333333
-1.939	4.333333333333333
-1.938	4.333333333333333
-1.937	4.333333333333333
-1.936	4.333333333333333
-1.935	4.333333333333333
-1.934	4.333333333333333
-1.933	4.333333333333333
-1.932	4.333333333333333
-1.931	4.333333333333333
-1.93	4.333333333333333
-1.929	4.333333333333333
-1.928	4.333333333333333
-1.927	4.333333333333333
-1.926	4.333333333333333
-1.925	4.333333333333333
-1.924	4.333333333333333
-1.923	4.333333333333333
-1.922	4.333333333333333
-1.921	4.333333333333333
-1.92	4.333333333333333
-1.919	4.333333333333333
-1.918	4.333333333333333
-1.917	4.333333333333333
-1.916	4.333333333333333
-1.915	4.333333333333333
-1.914	4.333333333333333
-1.913	4.333333333333333
-1.912	4.333333333333333
-1.911	4.333333333333333
-1.91	4.333333333333333
-1.909	4.333333333333333
-1.908	4.333333333333333
-1.907	4.333333333333333
-1.906	4.333333333333333
-1.905	4.333333333333333
-1.904	4.333333333333333
-1.903	4.333333333333333
-1.902	4.333333333333333
-1.901	4.333333333333333
-1.9	4.333333333333333
-1.899	4.333333333333333
-1.898	4.333333333333333
-1.897	4.333333333333333
-1.896	4.333333333333333
-1.895	4.333333333333333
-1.894	4.333333333333333
-1.893	4.333333333333333
-1.892	4.333333333333333
-1.891	4.333333333333333
-1.89	4.333333333333333
-1.889	4.333333333333333
-1.888	4.333333333333333
-1.887	4.333333333333333
-1.886	4.333333333333333
-1.885	4.333333333333333
-1.884	4.333333333333333
-1.883	4.333333333333333
-1.882	4.333333333333333
-1.881	4.333333333333333
-1.88	4.333333333333333
-1.879	4.333333333333333
-1.878	4.333333333333333
-1.877	4.333333333333333
-1.876	4.333333333333333
-1.875	4.333333333333333
-1.874	4.333333333333333
-1.873	4.333333333333333
-1.872	4.333333333333333
-1.871	4.333333333333333
-1.87	4.333333333333333
-1.869	4.333333333333333
-1.868	4.333333333333333
-1.867	4.333333333333333
-1.866	4.333333333333333
-1.865	4.333333333333333
-1.864	4.333333333333333
-1.863	4.333333333333333
-1.862	4.333333333333333
-1.861	4.333333333333333
-1.86	4.333333333333333
-1.859	4.333333333333333
-1.858	4.333333333333333
-1.857	4.333333333333333
-1.856	4.333333333333333
-1.855	4.333333333333333
-1.854	4.333333333333333
-1.853	4.333333333333333
-1.852	4.333333333333333
-1.851	4.333333333333333
-1.85	4.333333333333333
-1.849	4.333333333333333
-1.848	4.333333333333333
-1.847	4.333333333333333
-1.846	4.333333333333333
-1.845	4.333333333333333
-1.844	4.333333333333333
-1.843	4.333333333333333
-1.842	4.333333333333333
-1.841	4.333333333333333
-1.84	4.333333333333333
-1.839	4.333333333333333
-1.838	4.333333333333333
-1.837	4.333333333333333
-1.836	4.333333333333333
-1.835	4.333333333333333
-1.834	4.333333333333333
-1.833	4.333333333333333
-1.832	4.333333333333333
-1.831	4.333333333333333
-1.83	4.333333333333333
-1.829	4.333333333333333
-1.828	4.333333333333333
-1.827	4.333333333333333
-1.826	4.333333333333333
-1.825	4.333333333333333
-1.824	4.333333333333333
-1.823	4.333333333333333
-1.822	4.333333333333333
-1.821	4.333333333333333
-1.82	4.333333333333333
-1.819	4.333333333333333
-1.818	4.333333333333333
-1.817	4.333333333333333
-1.816	4.333333333333333
-1.815	4.333333333333333
-1.814	4.333333333333333
-1.813	4.333333333333333
-1.812	4.333333333333333
-1.811	4.333333333333333
-1.81	4.333333333333333
-1.809	4.333333333333333
-1.808	4.333333333333333
-1.807	4.333333333333333
-1.806	4.333333333333333
-1.805	4.333333333333333
-1.804	4.333333333333333
-1.803	4.333333333333333
-1.802	4.333333333333333
-1.801	4.333333333333333
-1.8	4.333333333333333
-1.799	4.333333333333333
-1.798	4.333333333333333
-1.797	4.333333333333333
-1.796	4.333333333333333
-1.795	4.333333333333333
-1.794	4.333333333333333
-1.793	4.333333333333333
-1.792	4.333333333333333
-1.791	4.333333333333333
-1.79	4.333333333333333
-1.789	4.333333333333333
-1.788	4.333333333333333
-1.787	4.333333333333333
-1.786	4.333333333333333
-1.785	4.333333333333333
-1.784	4.333333333333333
-1.783	4.333333333333333
-1.782	4.333333333333333
-1.781	4.333333333333333
-1.78	4.333333333333333
-1.779	4.333333333333333
-1.778	4.333333333333333
-1.777	4.333333333333333
-1.776	4.333333333333333
-1.775	4.333333333333333
-1.774	4.333333333333333
-1.773	4.333333333333333
-1.772	4.333333333333333
-1.771	4.333333333333333
-1.77	4.333333333333333
-1.769	4.333333333333333
-1.768	4.333333333333333
-1.767	4.333333333333333
-1.766	4.333333333333333
-1.765	4.333333333333333
-1.764	4.333333333333333
-1.763	4.333333333333333
-1.762	4.333333333333333
-1.761	4.333333333333333
-1.76	4.333333333333333
-1.759	4.333333333333333
-1.758	4.333333333333333
-1.757	4.333333333333333
-1.756	4.333333333333333
-1.755	4.333333333333333
-1.754	4.333333333333333
-1.753	4.333333333333333
-1.752	4.333333333333333
-1.751	4.333333333333333
-1.75	4.333333333333333
-1.749	4.333333333333333
-1.748	4.333333333333333
-1.747	4.333333333333333
-1.746	4.333333333333333
-1.745	4.333333333333333
-1.744	4.333333333333333
-1.743	4.333333333333333
-1.742	4.333333333333333
-1.741	4.333333333333333
-1.74	4.333333333333333
-1.739	4.333333333333333
-1.738	4.333333333333333
-1.737	4.333333333333333
-1.736	4.333333333333333
-1.735	4.333333333333333
-1.734	4.333333333333333
-1.733	4.333333333333333
-1.732	4.333333333333333
-1.731	4.333333333333333
-1.73	4.333333333333333
-1.729	4.333333333333333
-1.728	4.333333333333333
-1.727	4.333333333333333
-1.726	4.333333333333333
-1.725	4.333333333333333
-1.724	4.333333333333333
-1.723	4.333333333333333
-1.722	4.333333333333333
-1.721	4.333333333333333
-1.72	4.333333333333333
-1.719	4.333333333333333
-1.718	4.333333333333333
-1.717	4.333333333333333
-1.716	4.333333333333333
-1.715	4.333333333333333
-1.714	4.333333333333333
-1.713	4.333333333333333
-1.712	4.333333333333333
-1.711	4.333333333333333
-1.71	4.333333333333333
-1.709	4.333333333333333
-1.708	4.333333333333333
-1.707	4.333333333333333
-1.706	4.333333333333333
-1.705	4.333333333333333
-1.704	4.333333333333333
-1.703	4.333333333333333
-1.702	4.333333333333333
-1.701	4.333333333333333
-1.7	4.333333333333333
-1.699	4.333333333333333
-1.698	4.333333333333333
-1.697	4.333333333333333
-1.696	4.333333333333333
-1.695	4.333333333333333
-1.694	4.333333333333333
-1.693	4.333333333333333
-1.692	4.333333333333333
-1.691	4.333333333333333
-1.69	4.333333333333333
-1.689	4.333333333333333
-1.688	4.333333333333333
-1.687	4.333333333333333
-1.686	4.333333333333333
-1.685	4.333333333333333
-1.684	4.333333333333333
-1.683	4.333333333333333
-1.682	4.333333333333333
-1.681	4.333333333333333
-1.68	4.333333333333333
-1.679	4.333333333333333
-1.678	4.333333333333333
-1.677	4.333333333333333
-1.676	4.333333333333333
-1.675	4.333333333333333
-1.674	4.333333333333333
-1.673	4.333333333333333
-1.672	4.333333333333333
-1.671	4.333333333333333
-1.67	4.333333333333333
-1.669	4.333333333333333
-1.668	4.333333333333333
-1.667	4.333333333333333
-1.666	4.333333333333333
-1.665	4.333333333333333
-1.664	4.333333333333333
-1.663	4.333333333333333
-1.662	4.333333333333333
-1.661	4.333333333333333
-1.66	4.333333333333333
-1.659	4.333333333333333
-1.658	4.333333333333333
-1.657	4.333333333333333
-1.656	4.333333333333333
-1.655	4.333333333333333
-1.654	4.333333333333333
-1.653	4.333333333333333
-1.652	4.333333333333333
-1.651	4.333333333333333
-1.65	4.333333333333333
-1.649	4.333333333333333
-1.648	4.333333333333333
-1.647	4.333333333333333
-1.646	4.333333333333333
-1.645	4.333333333333333
-1.644	4.333333333333333
-1.643	4.333333333333333
-1.642	4.333333333333333
-1.641	4.333333333333333
-1.64	4.333333333333333
-1.639	4.333333333333333
-1.638	4.333333333333333
-1.637	4.333333333333333
-1.636	4.333333333333333
-1.635	4.333333333333333
-1.634	4.333333333333333
-1.633	4.333333333333333
-1.632	4.333333333333333
-1.631	4.333333333333333
-1.63	4.333333333333333
-1.629	4.333333333333333
-1.628	4.333333333333333
-1.627	4.333333333333333
-1.626	4.333333333333333
-1.625	4.333333333333333
-1.624	4.333333333333333
-1.623	4.333333333333333
-1.622	4.333333333333333
-1.621	4.333333333333333
-1.62	4.333333333333333
-1.619	4.333333333333333
-1.618	4.333333333333333
-1.617	4.333333333333333
-1.616	4.333333333333333
-1.615	4.333333333333333
-1.614	4.333333333333333
-1.613	4.333333333333333
-1.612	4.333333333333333
-1.611	4.333333333333333
-1.61	4.333333333333333
-1.609	4.333333333333333
-1.608	4.333333333333333
-1.607	4.333333333333333
-1.606	4.333333333333333
-1.605	4.333333333333333
-1.604	4.333333333333333
-1.603	4.333333333333333
-1.602	4.333333333333333
-1.601	4.333333333333333
-1.6	4.333333333333333
-1.599	4.333333333333333
-1.598	4.333333333333333
-1.597	4.333333333333333
-1.596	4.333333333333333
-1.595	4.333333333333333
-1.594	4.333333333333333
-1.593	4.333333333333333
-1.592	4.333333333333333
-1.591	4.333333333333333
-1.59	4.333333333333333
-1.589	4.333333333333333
-1.588	4.333333333333333
-1.587	4.333333333333333
-1.586	4.333333333333333
-1.585	4.333333333333333
-1.584	4.333333333333333
-1.583	4.333333333333333
-1.582	4.333333333333333
-1.581	4.333333333333333
-1.58	4.333333333333333
-1.579	4.333333333333333
-1.578	4.333333333333333
-1.577	4.333333333333333
-1.576	4.333333333333333
-1.575	4.333333333333333
-1.574	4.333333333333333
-1.573	4.333333333333333
-1.572	4.333333333333333
-1.571	4.333333333333333
-1.57	4.333333333333333
-1.569	4.333333333333333
-1.568	4.333333333333333
-1.567	4.333333333333333
-1.566	4.333333333333333
-1.565	4.333333333333333
-1.564	4.333333333333333
-1.563	4.333333333333333
-1.562	4.333333333333333
-1.561	4.333333333333333
-1.56	4.333333333333333
-1.559	4.333333333333333
-1.558	4.333333333333333
-1.557	4.333333333333333
-1.556	4.333333333333333
-1.555	4.333333333333333
-1.554	4.333333333333333
-1.553	4.333333333333333
-1.552	4.333333333333333
-1.551	4.333333333333333
-1.55	4.333333333333333
-1.549	4.333333333333333
-1.548	4.333333333333333
-1.547	4.333333333333333
-1.546	4.333333333333333
-1.545	4.333333333333333
-1.544	4.333333333333333
-1.543	4.333333333333333
-1.542	4.333333333333333
-1.541	4.333333333333333
-1.54	4.333333333333333
-1.539	4.333333333333333
-1.538	4.333333333333333
-1.537	4.333333333333333
-1.536	4.333333333333333
-1.535	4.333333333333333
-1.534	4.333333333333333
-1.533	4.333333333333333
-1.532	4.333333333333333
-1.531	4.333333333333333
-1.53	4.333333333333333
-1.529	4.333333333333333
-1.528	4.333333333333333
-1.527	4.333333333333333
-1.526	4.333333333333333
-1.525	4.333333333333333
-1.524	4.333333333333333
-1.523	4.333333333333333
-1.522	4.333333333333333
-1.521	4.333333333333333
-1.52	4.333333333333333
-1.519	4.333333333333333
-1.518	4.333333333333333
-1.517	4.333333333333333
-1.516	4.333333333333333
-1.515	4.333333333333333
-1.514	4.333333333333333
-1.513	4.333333333333333
-1.512	4.333333333333333
-1.511	4.333333333333333
-1.51	4.333333333333333
-1.509	4.333333333333333
-1.508	4.333333333333333
-1.507	4.333333333333333
-1.506	4.333333333333333
-1.505	4.333333333333333
-1.504	4.333333333333333
-1.503	4.333333333333333
-1.502	4.333333333333333
-1.501	4.333333333333333
-1.5	4.333333333333333
-1.499	4.333333333333333
-1.498	4.333333333333333
-1.497	4.333333333333333
-1.496	4.333333333333333
-1.495	4.333333333333333
-1.494	4.333333333333333
-1.493	4.333333333333333
-1.492	4.333333333333333
-1.491	4.333333333333333
-1.49	4.333333333333333
-1.489	4.333333333333333
-1.488	4.333333333333333
-1.487	4.333333333333333
-1.486	4.333333333333333
-1.485	4.333333333333333
-1.484	4.333333333333333
-1.483	4.333333333333333
-1.482	4.333333333333333
-1.481	4.333333333333333
-1.48	4.333333333333333
-1.479	4.333333333333333
-1.478	4.333333333333333
-1.477	4.333333333333333
-1.476	4.333333333333333
-1.475	4.333333333333333
-1.474	4.333333333333333
-1.473	4.333333333333333
-1.472	4.333333333333333
-1.471	4.333333333333333
-1.47	4.333333333333333
-1.469	4.333333333333333
-1.468	4.333333333333333
-1.467	4.333333333333333
-1.466	4.333333333333333
-1.465	4.333333333333333
-1.464	4.333333333333333
-1.463	4.333333333333333
-1.462	4.333333333333333
-1.461	4.333333333333333
-1.46	4.333333333333333
-1.459	4.333333333333333
-1.458	4.333333333333333
-1.457	4.333333333333333
-1.456	13.0
-1.455	13.0
-1.454	13.0
-1.453	13.0
-1.452	13.0
-1.451	13.0
-1.45	13.0
-1.449	13.0
-1.448	13.0
-1.447	13.0
-1.446	13.0
-1.445	13.0
-1.444	13.0
-1.443	13.0
-1.442	13.0
-1.441	13.0
-1.44	13.0
-1.439	13.0
-1.438	13.0
-1.437	13.0
-1.436	13.0
-1.435	13.0
-1.434	13.0
-1.433	13.0
-1.432	2.0
-1.431	2.0
-1.43	2.0
-1.429	2.0
-1.428	2.0
-1.427	2.0
-1.426	2.0
-1.425	2.0
-1.424	2.0
-1.423	2.0
-1.422	2.0
-1.421	2.0
-1.42	2.0
-1.419	2.0
-1.418	2.0
-1.417	2.0
-1.416	2.0
-1.415	2.0
-1.414	2.0
-1.413	2.0
-1.412	2.0
-1.411	2.0
-1.41	2.0
-1.409	2.0
-1.408	2.0
-1.407	2.0
-1.406	2.0
-1.405	2.0
-1.404	2.0
-1.403	2.0
-1.402	2.0
-1.401	2.0
-1.4	2.0
-1.399	2.0
-1.398	2.0
-1.397	2.0
-1.396	2.0
-1.395	2.0
-1.394	2.0
-1.393	2.0
-1.392	2.0
-1.391	2.0
-1.39	2.0
-1.389	2.0
-1.388	2.0
-1.387	2.0
-1.386	2.0
-1.385	2.0
-1.384	2.0
-1.383	2.0
-1.382	2.0
-1.381	2.0
-1.38	2.0
-1.379	2.0
-1.378	2.0
-1.377	2.0
-1.376	2.0
-1.375	2.0
-1.374	2.0
-1.373	2.0
-1.372	2.0
-1.371	2.0
-1.37	2.0
-1.369	2.0
-1.368	2.0
-1.367	2.0
-1.366	2.0
-1.365	2.0
-1.364	2.0
-1.363	2.0
-1.362	2.0
-1.361	2.0
-1.36	2.0
-1.359	2.0
-1.358	2.0
-1.357	2.0
-1.356	2.0
-1.355	2.0
-1.354	2.0
-1.353	2.0
-1.352	2.0
-1.351	2.0
-1.35	2.0
-1.349	2.0
-1.348	2.0
-1.347	2.0
-1.346	2.0
-1.345	2.0
-1.344	2.0
-1.343	2.0
-1.342	2.0
-1.341	2.0
-1.34	2.0
-1.339	2.0
-1.338	2.0
-1.337	2.0
-1.336	2.0
-1.335	2.0
-1.334	2.0
-1.333	2.0
-1.332	2.0
-1.331	2.0
-1.33	2.0
-1.329	2.0
-1.328	2.0
-1.327	2.0
-1.326	2.0
-1.325	2.0
-1.324	2.0
-1.323	2.0
-1.322	2.0
-1.321	2.0
-1.32	2.0
-1.319	2.0
-1.318	2.0
-1.317	2.0
-1.316	2.0
-1.315	2.0
-1.314	2.0
-1.313	2.0
-1.312	2.0
-1.311	2.0
-1.31	2.0
-1.309	2.0
-1.308	2.0
-1.307	2.0
-1.306	2.0
-1.305	2.0
-1.304	2.0
-1.303	2.0
-1.302	2.0
-1.301	2.0
-1.3	2.0
-1.299	2.0
-1.298	2.0
-1.297	2.0
-1.296	2.0
-1.295	2.0
-1.294	2.0
-1.293	2.0
-1.292	2.0
-1.291	2.0
-1.29	2.0
-1.289	2.0
-1.288	2.0
-1.287	2.0
-1.286	2.0
-1.285	2.0
-1.284	2.0
-1.283	2.0
-1.282	2.0
-1.281	2.0
-1.28	2.0
-1.279	2.0
-1.278	2.0
-1.277	2.0
-1.276	2.0
-1.275	2.0
-1.274	2.0
-1.273	2.0
-1.272	2.0
-1.271	2.0
-1.27	2.0
-1.269	2.0
-1.268	1.1428571428571428
-1.267	1.1428571428571428
-1.266	1.1428571428571428
-1.265	1.1428571428571428
-1.264	1.1428571428571428
-1.263	1.1428571428571428
-1.262	1.1428571428571428
-1.261	1.1428571428571428
-1.26	1.1428571428571428
-1.259	1.1428571428571428
-1.258	1.1428571428571428
-1.257	1.1428571428571428
-1.256	1.1428571428571428
-1.255	1.1428571428571428
-1.254	1.1428571428571428
-1.253	1.1428571428571428
-1.252	1.1428571428571428
-1.251	1.1428571428571428
-1.25	1.1428571428571428
-1.249	1.1428571428571428
-1.248	1.1428571428571428
-1.247	1.1428571428571428
-1.246	1.1428571428571428
-1.245	1.1428571428571428
-1.244	1.1428571428571428
-1.243	1.1428571428571428
-1.242	1.1428571428571428
-1.241	1.1428571428571428
-1.24	1.1428571428571428
-1.239	1.1428571428571428
-1.238	1.1428571428571428
-1.237	1.1428571428571428
-1.236	1.1428571428571428
-1.235	1.1428571428571428
-1.234	1.1428571428571428
-1.233	1.1428571428571428
-1.232	1.1428571428571428
-1.231	1.1428571428571428
-1.23	1.1428571428571428
-1.229	1.1428571428571428
-1.228	1.1428571428571428
-1.227	1.1428571428571428
-1.226	1.1428571428571428
-1.225	1.1428571428571428
-1.224	1.1428571428571428
-1.223	1.1428571428571428
-1.222	1.1428571428571428
-1.221	1.1428571428571428
-1.22	1.1428571428571428
-1.219	1.1428571428571428
-1.218	1.1428571428571428
-1.217	1.1428571428571428
-1.216	1.1428571428571428
-1.215	1.1428571428571428
-1.214	1.1428571428571428
-1.213	1.1428571428571428
-1.212	1.1428571428571428
-1.211	1.1428571428571428
-1.21	1.1428571428571428
-1.209	1.1428571428571428
-1.208	1.1428571428571428
-1.207	1.1428571428571428
-1.206	1.1428571428571428
-1.205	1.1428571428571428
-1.204	1.1428571428571428
-1.203	1.1428571428571428
-1.202	1.1428571428571428
-1.201	1.1428571428571428
-1.2	1.1428571428571428
-1.199	1.1428571428571428
-1.198	1.1428571428571428
-1.197	1.1428571428571428
-1.196	1.1428571428571428
-1.195	1.1428571428571428
-1.194	1.1428571428571428
-1.193	1.1428571428571428
-1.192	1.1428571428571428
-1.191	1.1428571428571428
-1.19	1.1428571428571428
-1.189	1.1428571428571428
-1.188	1.1428571428571428
-1.187	1.1428571428571428
-1.186	1.1428571428571428
-1.185	1.1428571428571428
-1.184	1.1428571428571428
-1.183	1.1428571428571428
-1.182	1.1428571428571428
-1.181	1.1428571428571428
-1.18	1.1428571428571428
-1.179	1.1428571428571428
-1.178	1.1428571428571428
-1.177	1.1428571428571428
-1.176	1.1428571428571428
-1.175	1.1428571428571428
-1.174	1.1428571428571428
-1.173	1.1428571428571428
-1.172	1.1428571428571428
-1.171	1.1428571428571428
-1.17	1.1428571428571428
-1.169	1.1428571428571428
-1.168	1.1428571428571428
-1.167	1.1428571428571428
-1.166	1.1428571428571428
-1.165	1.1428571428571428
-1.164	1.1428571428571428
-1.163	1.1428571428571428
-1.162	1.1428571428571428
-1.161	1.1428571428571428
-1.16	1.1428571428571428
-1.159	1.1428571428571428
-1.158	1.1428571428571428
-1.157	1.1428571428571428
-1.156	1.1428571428571428
-1.155	1.1428571428571428
-1.154	1.1428571428571428
-1.153	1.1428571428571428
-1.152	1.1428571428571428
-1.151	1.1428571428571428
-1.15	1.1428571428571428
-1.149	1.1428571428571428
-1.148	1.1428571428571428
-1.147	1.1428571428571428
-1.146	1.1428571428571428
-1.145	1.1428571428571428
-1.144	1.1428571428571428
-1.143	1.1428571428571428
-1.142	1.1428571428571428
-1.141	1.1428571428571428
-1.14	1.1428571428571428
-1.139	1.1428571428571428
-1.138	1.1428571428571428
-1.137	1.1428571428571428
-1.136	1.1428571428571428
-1.135	1.1428571428571428
-1.134	1.1428571428571428
-1.133	1.1428571428571428
-1.132	1.1428571428571428
-1.131	1.1428571428571428
-1.13	1.1428571428571428
-1.129	1.1428571428571428
-1.128	1.1428571428571428
-1.127	1.1428571428571428
-1.126	1.1428571428571428
-1.125	1.1428571428571428
-1.124	1.1428571428571428
-1.123	1.1428571428571428
-1.122	1.1428571428571428
-1.121	1.1428571428571428
-1.12	1.1428571428571428
-1.119	1.1428571428571428
-1.118	1.1428571428571428
-1.117	1.1428571428571428
-1.116	1.1428571428571428
-1.115	1.1428571428571428
-1.114	1.1428571428571428
-1.113	1.1428571428571428
-1.112	1.1428571428571428
-1.111	1.1428571428571428
-1.11	1.1428571428571428
-1.109	1.1428571428571428
-1.108	1.1428571428571428
-1.107	1.1428571428571428
-1.106	1.1428571428571428
-1.105	1.1428571428571428
-1.104	1.1428571428571428
-1.103	1.1428571428571428
-1.102	1.1428571428571428
-1.101	1.1428571428571428
-1.1	1.1428571428571428
-1.099	1.1428571428571428
-1.098	1.1428571428571428
-1.097	1.1428571428571428
-1.096	1.1428571428571428
-1.095	1.1428571428571428
-1.094	1.1428571428571428
-1.093	1.1428571428571428
-1.092	1.1428571428571428
-1.091	1.1428571428571428
-1.09	1.1428571428571428
-1.089	1.1428571428571428
-1.088	1.1428571428571428
-1.087	1.1428571428571428
-1.086	1.1428571428571428
-1.085	1.1428571428571428
-1.084	1.1428571428571428
-1.083	1.1428571428571428
-1.082	1.1428571428571428
-1.081	1.1428571428571428
-1.08	1.1428571428571428
-1.079	1.1428571428571428
-1.078	1.1428571428571428
-1.077	1.1428571428571428
-1.076	1.1428571428571428
-1.075	1.1428571428571428
-1.074	1.1428571428571428
-1.073	1.1428571428571428
-1.072	1.1428571428571428
-1.071	1.1428571428571428
-1.07	1.1428571428571428
-1.069	1.1428571428571428
-1.068	1.1428571428571428
-1.067	1.1428571428571428
-1.066	1.1428571428571428
-1.065	1.1428571428571428
-1.064	1.1428571428571428
-1.063	1.1428571428571428
-1.062	1.1428571428571428
-1.061	1.1428571428571428
-1.06	1.1428571428571428
-1.059	1.1428571428571428
-1.058	1.1428571428571428
-1.057	1.1428571428571428
-1.056	1.1428571428571428
-1.055	1.1428571428571428
-1.054	1.1428571428571428
-1.053	1.1428571428571428
-1.052	1.1428571428571428
-1.051	1.1428571428571428
-1.05	1.1428571428571428
-1.049	1.1428571428571428
-1.048	1.1428571428571428
-1.047	1.1428571428571428
-1.046	1.1428571428571428
-1.045	1.1428571428571428
-1.044	1.1428571428571428
-1.043	1.1428571428571428
-1.042	1.1428571428571428
-1.041	1.1428571428571428
-1.04	1.1428571428571428
-1.039	1.1428571428571428
-1.038	1.1428571428571428
-1.037	1.1428571428571428
-1.036	1.1428571428571428
-1.035	1.1428571428571428
-1.034	1.1428571428571428
-1.033	1.1428571428571428
-1.032	1.1428571428571428
-1.031	1.1428571428571428
-1.03	1.1428571428571428
-1.029	1.1428571428571428
-1.028	1.1428571428571428
-1.027	1.1428571428571428
-1.026	1.1428571428571428
-1.025	1.1428571428571428
-1.024	1.1428571428571428
-1.023	1.1428571428571428
-1.022	1.1428571428571428
-1.021	1.1428571428571428
-1.02	1.1428571428571428
-1.019	1.1428571428571428
-1.018	1.1428571428571428
-1.017	1.1428571428571428
-1.016	1.1428571428571428
-1.015	1.1428571428571428
-1.014	1.1428571428571428
-1.013	1.1428571428571428
-1.012	1.1428571428571428
-1.011	1.1428571428571428
-1.01	1.1428571428571428
-1.009	1.1428571428571428
-1.008	1.1428571428571428
-1.007	1.1428571428571428
-1.006	1.1428571428571428
-1.005	1.1428571428571428
-1.004	1.1428571428571428
-1.003	1.1428571428571428
-1.002	1.1428571428571428
-1.001	1.1428571428571428
-1.0	1.1428571428571428
-0.999	1.1428571428571428
-0.998	1.1428571428571428
-0.997	1.1428571428571428
-0.996	1.1428571428571428
-0.995	1.1428571428571428
-0.994	1.1428571428571428
-0.993	1.1428571428571428
-0.992	1.1428571428571428
-0.991	1.1428571428571428
-0.99	1.1428571428571428
-0.989	1.1428571428571428
-0.988	1.1428571428571428
-0.987	1.1428571428571428
-0.986	1.1428571428571428
-0.985	1.1428571428571428
-0.984	1.1428571428571428
-0.983	1.1428571428571428
-0.982	1.1428571428571428
-0.981	1.1428571428571428
-0.98	1.1428571428571428
-0.979	1.1428571428571428
-0.978	1.1428571428571428
-0.977	1.1428571428571428
-0.976	1.1428571428571428
-0.975	1.1428571428571428
-0.974	1.1428571428571428
-0.973	1.1428571428571428
-0.972	1.1428571428571428
-0.971	1.1428571428571428
-0.97	1.1428571428571428
-0.969	1.1428571428571428
-0.968	1.1428571428571428
-0.967	1.1428571428571428
-0.966	1.1428571428571428
-0.965	1.1428571428571428
-0.964	1.1428571428571428
-0.963	1.1428571428571428
-0.962	1.1428571428571428
-0.961	1.1428571428571428
-0.96	1.1428571428571428
-0.959	1.1428571428571428
-0.958	1.1428571428571428
-0.957	1.1428571428571428
-0.956	1.1428571428571428
-0.955	1.1428571428571428
-0.954	1.1428571428571428
-0.953	1.1428571428571428
-0.952	1.1428571428571428
-0.951	1.1428571428571428
-0.95	1.1428571428571428
-0.949	1.1428571428571428
-0.948	1.1428571428571428
-0.947	1.1428571428571428
-0.946	1.1428571428571428
-0.945	1.1428571428571428
-0.944	1.1428571428571428
-0.943	1.1428571428571428
-0.942	1.1428571428571428
-0.941	1.1428571428571428
-0.94	1.1428571428571428
-0.939	1.1428571428571428
-0.938	1.1428571428571428
-0.937	1.1428571428571428
-0.936	1.1428571428571428
-0.935	1.1428571428571428
-0.934	1.1428571428571428
-0.933	1.1428571428571428
-0.932	1.1428571428571428
-0.931	1.1428571428571428
-0.93	1.1428571428571428
-0.929	1.1428571428571428
-0.928	1.1428571428571428
-0.927	1.1428571428571428
-0.926	1.1428571428571428
-0.925	1.1428571428571428
-0.924	1.1428571428571428
-0.923	1.1428571428571428
-0.922	1.1428571428571428
-0.921	1.1428571428571428
-0.92	1.1428571428571428
-0.919	1.1428571428571428
-0.918	1.1428571428571428
-0.917	1.1428571428571428
-0.916	1.1428571428571428
-0.915	1.1428571428571428
-0.914	1.1428571428571428
-0.913	1.1428571428571428
-0.912	1.1428571428571428
-0.911	1.1428571428571428
-0.91	1.1428571428571428
-0.909	1.1428571428571428
-0.908	1.1428571428571428
-0.907	1.1428571428571428
-0.906	1.1428571428571428
-0.905	1.1428571428571428
-0.904	1.1428571428571428
-0.903	1.1428571428571428
-0.902	1.1428571428571428
-0.901	1.1428571428571428
-0.9	1.1428571428571428
-0.899	1.1428571428571428
-0.898	1.1428571428571428
-0.897	1.1428571428571428
-0.896	1.1428571428571428
-0.895	1.1428571428571428
-0.894	1.1428571428571428
-0.893	1.1428571428571428
-0.892	1.1428571428571428
-0.891	1.1428571428571428
-0.89	1.1428571428571428
-0.889	1.1428571428571428
-0.888	1.1428571428571428
-0.887	1.1428571428571428
-0.886	1.1428571428571428
-0.885	1.1428571428571428
-0.884	1.1428571428571428
-0.883	1.1428571428571428
-0.882	1.1428571428571428
-0.881	1.1428571428571428
-0.88	1.1428571428571428
-0.879	1.1428571428571428
-0.878	1.1428571428571428
-0.877	1.1428571428571428
-0.876	1.1428571428571428
-0.875	1.1428571428571428
-0.874	1.1428571428571428
-0.873	1.1428571428571428
-0.872	1.1428571428571428
-0.871	1.1428571428571428
-0.87	1.1428571428571428
-0.869	1.1428571428571428
-0.868	1.1428571428571428
-0.867	1.1428571428571428
-0.866	1.1428571428571428
-0.865	1.1428571428571428
-0.864	1.1428571428571428
-0.863	1.1428571428571428
-0.862	1.1428571428571428
-0.861	1.1428571428571428
-0.86	1.1428571428571428
-0.859	1.1428571428571428
-0.858	1.1428571428571428
-0.857	1.1428571428571428
-0.856	1.1428571428571428
-0.855	1.1428571428571428
-0.854	1.1428571428571428
-0.853	1.1428571428571428
-0.852	1.1428571428571428
-0.851	1.1428571428571428
-0.85	1.1428571428571428
-0.849	1.1428571428571428
-0.848	1.1428571428571428
-0.847	1.1428571428571428
-0.846	1.1428571428571428
-0.845	1.1428571428571428
-0.844	1.1428571428571428
-0.843	1.1428571428571428
-0.842	1.1428571428571428
-0.841	1.1428571428571428
-0.84	1.1428571428571428
-0.839	1.1428571428571428
-0.838	1.1428571428571428
-0.837	1.1428571428571428
-0.836	1.1428571428571428
-0.835	1.1428571428571428
-0.834	1.1428571428571428
-0.833	1.1428571428571428
-0.832	1.1428571428571428
-0.831	1.1428571428571428
-0.83	1.1428571428571428
-0.829	1.1428571428571428
-0.828	1.1428571428571428
-0.827	1.1428571428571428
-0.826	1.1428571428571428
-0.825	1.1428571428571428
-0.824	1.1428571428571428
-0.823	1.1428571428571428
-0.822	1.1428571428571428
-0.821	1.1428571428571428
-0.82	1.1428571428571428
-0.819	1.1428571428571428
-0.818	1.1428571428571428
-0.817	1.1428571428571428
-0.816	1.1428571428571428
-0.815	1.1428571428571428
-0.814	1.1428571428571428
-0.813	1.1428571428571428
-0.812	1.1428571428571428
-0.811	1.1428571428571428
-0.81	1.1428571428571428
-0.809	1.1428571428571428
-0.808	1.1428571428571428
-0.807	1.1428571428571428
-0.806	1.1428571428571428
-0.805	1.1428571428571428
-0.804	1.1428571428571428
-0.803	1.1428571428571428
-0.802	1.1428571428571428
-0.801	1.1428571428571428
-0.8	1.1428571428571428
-0.799	1.1428571428571428
-0.798	1.1428571428571428
-0.797	1.1428571428571428
-0.796	1.1428571428571428
-0.795	1.1428571428571428
-0.794	1.1428571428571428
-0.793	1.1428571428571428
-0.792	1.1428571428571428
-0.791	1.1428571428571428
-0.79	1.1428571428571428
-0.789	1.1428571428571428
-0.788	1.1428571428571428
-0.787	1.1428571428571428
-0.786	1.1428571428571428
-0.785	1.1428571428571428
-0.784	1.1428571428571428
-0.783	1.1428571428571428
-0.782	1.1428571428571428
-0.781	1.1428571428571428
-0.78	1.1428571428571428
-0.779	1.1428571428571428
-0.778	1.1428571428571428
-0.777	1.1428571428571428
-0.776	1.1428571428571428
-0.775	1.1428571428571428
-0.774	1.1428571428571428
-0.773	1.1428571428571428
-0.772	1.1428571428571428
-0.771	1.1428571428571428
-0.77	1.1428571428571428
-0.769	1.1428571428571428
-0.768	1.1428571428571428
-0.767	1.1428571428571428
-0.766	1.1428571428571428
-0.765	1.1428571428571428
-0.764	1.1428571428571428
-0.763	1.1428571428571428
-0.762	1.1428571428571428
-0.761	1.1428571428571428
-0.76	1.1428571428571428
-0.759	1.1428571428571428
-0.758	1.1428571428571428
-0.757	1.1428571428571428
-0.756	1.1428571428571428
-0.755	1.1428571428571428
-0.754	1.1428571428571428
-0.753	1.1428571428571428
-0.752	1.1428571428571428
-0.751	1.1428571428571428
-0.75	1.1428571428571428
-0.749	1.1428571428571428
-0.748	1.1428571428571428
-0.747	1.1428571428571428
-0.746	1.1428571428571428
-0.745	1.1428571428571428
-0.744	1.1428571428571428
-0.743	1.1428571428571428
-0.742	1.1428571428571428
-0.741	1.1428571428571428
-0.74	1.1428571428571428
-0.739	1.1428571428571428
-0.738	1.1428571428571428
-0.737	1.1428571428571428
-0.736	1.1428571428571428
-0.735	1.1428571428571428
-0.734	1.1428571428571428
-0.733	1.1428571428571428
-0.732	1.1428571428571428
-0.731	1.1428571428571428
-0.73	1.1428571428571428
-0.729	1.1428571428571428
-0.728	1.1428571428571428
-0.727	1.1428571428571428
-0.726	1.1428571428571428
-0.725	1.1428571428571428
-0.724	1.1428571428571428
-0.723	1.1428571428571428
-0.722	1.1428571428571428
-0.721	1.1428571428571428
-0.72	1.1428571428571428
-0.719	1.1428571428571428
-0.718	1.1428571428571428
-0.717	1.1428571428571428
-0.716	1.1428571428571428
-0.715	1.1428571428571428
-0.714	1.1428571428571428
-0.713	1.1428571428571428
-0.712	1.1428571428571428
-0.711	1.1428571428571428
-0.71	1.1428571428571428
-0.709	1.1428571428571428
-0.708	1.1428571428571428
-0.707	1.1428571428571428
-0.706	1.1428571428571428
-0.705	1.1428571428571428
-0.704	1.1428571428571428
-0.703	1.1428571428571428
-0.702	1.1428571428571428
-0.701	1.1428571428571428
-0.7	1.1428571428571428
-0.699	1.1428571428571428
-0.698	1.1428571428571428
-0.697	1.1428571428571428
-0.696	1.1428571428571428
-0.695	1.1428571428571428
-0.694	1.1428571428571428
-0.693	1.1428571428571428
-0.692	1.1428571428571428
-0.691	1.1428571428571428
-0.69	1.1428571428571428
-0.689	1.1428571428571428
-0.688	1.1428571428571428
-0.687	1.1428571428571428
-0.686	1.1428571428571428
-0.685	1.1428571428571428
-0.684	1.1428571428571428
-0.683	1.1428571428571428
-0.682	1.1428571428571428
-0.681	1.1428571428571428
-0.68	1.1428571428571428
-0.679	1.1428571428571428
-0.678	1.1428571428571428
-0.677	1.1428571428571428
-0.676	1.1428571428571428
-0.675	1.1428571428571428
-0.674	1.1428571428571428
-0.673	1.1428571428571428
-0.672	1.1428571428571428
-0.671	1.1428571428571428
-0.67	1.1428571428571428
-0.669	1.1428571428571428
-0.668	1.1428571428571428
-0.667	1.1428571428571428
-0.666	1.1428571428571428
-0.665	1.1428571428571428
-0.664	1.1428571428571428
-0.663	1.1428571428571428
-0.662	1.1428571428571428
-0.661	1.1428571428571428
-0.66	1.1428571428571428
-0.659	1.1428571428571428
-0.658	1.1428571428571428
-0.657	1.1428571428571428
-0.656	1.1428571428571428
-0.655	1.1428571428571428
-0.654	1.1428571428571428
-0.653	1.1428571428571428
-0.652	1.1428571428571428
-0.651	1.1428571428571428
-0.65	1.1428571428571428
-0.649	1.1428571428571428
-0.648	1.1428571428571428
-0.647	1.1428571428571428
-0.646	1.1428571428571428
-0.645	1.1428571428571428
-0.644	1.1428571428571428
-0.643	1.1428571428571428
-0.642	1.1428571428571428
-0.641	1.1428571428571428
-0.64	1.1428571428571428
-0.639	1.1428571428571428
-0.638	1.1428571428571428
-0.637	1.1428571428571428
-0.636	1.1428571428571428
-0.635	1.1428571428571428
-0.634	1.1428571428571428
-0.633	1.1428571428571428
-0.632	1.1428571428571428
-0.631	1.1428571428571428
-0.63	1.1428571428571428
-0.629	1.1428571428571428
-0.628	1.1428571428571428
-0.627	1.1428571428571428
-0.626	1.1428571428571428
-0.625	1.1428571428571428
-0.624	1.1428571428571428
-0.623	1.1428571428571428
-0.622	1.1428571428571428
-0.621	1.1428571428571428
-0.62	1.1428571428571428
-0.619	1.1428571428571428
-0.618	1.1428571428571428
-0.617	1.1428571428571428
-0.616	1.1428571428571428
-0.615	1.1428571428571428
-0.614	1.1428571428571428
-0.613	1.1428571428571428
-0.612	1.1428571428571428
-0.611	1.1428571428571428
-0.61	1.1428571428571428
-0.609	1.1428571428571428
-0.608	1.1428571428571428
-0.607	1.1428571428571428
-0.606	1.1428571428571428
-0.605	1.1428571428571428
-0.604	1.1428571428571428
-0.603	1.1428571428571428
-0.602	1.1428571428571428
-0.601	1.1428571428571428
-0.6	1.1428571428571428
-0.599	1.1428571428571428
-0.598	1.1428571428571428
-0.597	1.1428571428571428
-0.596	1.1428571428571428
-0.595	1.1428571428571428
-0.594	1.1428571428571428
-0.593	1.1428571428571428
-0.592	1.1428571428571428
-0.591	1.1428571428571428
-0.59	1.1428571428571428
-0.589	1.1428571428571428
-0.588	1.1428571428571428
-0.587	1.1428571428571428
-0.586	1.1428571428571428
-0.585	1.1428571428571428
-0.584	1.1428571428571428
-0.583	1.1428571428571428
-0.582	1.1428571428571428
-0.581	1.1428571428571428
-0.58	1.1428571428571428
-0.579	1.1428571428571428
-0.578	1.1428571428571428
-0.577	1.1428571428571428
-0.576	1.1428571428571428
-0.575	1.1428571428571428
-0.574	1.1428571428571428
-0.573	1.1428571428571428
-0.572	1.1428571428571428
-0.571	1.1428571428571428
-0.57	1.1428571428571428
-0.569	1.1428571428571428
-0.568	1.1428571428571428
-0.567	1.1428571428571428
-0.566	1.1428571428571428
-0.565	1.1428571428571428
-0.564	1.1428571428571428
-0.563	1.1428571428571428
-0.562	1.1428571428571428
-0.561	1.1428571428571428
-0.56	1.1428571428571428
-0.559	1.1428571428571428
-0.558	1.1428571428571428
-0.557	1.1428571428571428
-0.556	1.1428571428571428
-0.555	1.1428571428571428
-0.554	1.1428571428571428
-0.553	1.1428571428571428
-0.552	1.1428571428571428
-0.551	1.1428571428571428
-0.55	1.1428571428571428
-0.549	1.1428571428571428
-0.548	1.1428571428571428
-0.547	1.1428571428571428
-0.546	1.1428571428571428
-0.545	1.1428571428571428
-0.544	1.1428571428571428
-0.543	1.1428571428571428
-0.542	1.1428571428571428
-0.541	1.1428571428571428
-0.54	1.1428571428571428
-0.539	1.1428571428571428
-0.538	1.1428571428571428
-0.537	1.1428571428571428
-0.536	1.1428571428571428
-0.535	1.1428571428571428
-0.534	1.1428571428571428
-0.533	1.1428571428571428
-0.532	1.1428571428571428
-0.531	1.1428571428571428
-0.53	1.1428571428571428
-0.529	1.1428571428571428
-0.528	1.1428571428571428
-0.527	1.1428571428571428
-0.526	1.1428571428571428
-0.525	1.1428571428571428
-0.524	1.1428571428571428
-0.523	1.1428571428571428
-0.522	1.1428571428571428
-0.521	1.1428571428571428
-0.52	1.1428571428571428
-0.519	1.1428571428571428
-0.518	1.1428571428571428
-0.517	1.1428571428571428
-0.516	1.1428571428571428
-0.515	1.1428571428571428
-0.514	1.1428571428571428
-0.513	1.1428571428571428
-0.512	1.1428571428571428
-0.511	1.1428571428571428
-0.51	1.1428571428571428
-0.509	1.1428571428571428
-0.508	1.1428571428571428
-0.507	1.1428571428571428
-0.506	1.1428571428571428
-0.505	1.1428571428571428
-0.504	1.1428571428571428
-0.503	1.1428571428571428
-0.502	1.1428571428571428
-0.501	1.1428571428571428
-0.5	1.1428571428571428
-0.499	1.1428571428571428
-0.498	1.1428571428571428
-0.497	1.1428571428571428
-0.496	1.1428571428571428
-0.495	1.1428571428571428
-0.494	1.1428571428571428
-0.493	1.1428571428571428
-0.492	1.1428571428571428
-0.491	1.1428571428571428
-0.49	1.1428571428571428
-0.489	1.1428571428571428
-0.488	1.1428571428571428
-0.487	1.1428571428571428
-0.486	1.1428571428571428
-0.485	1.1428571428571428
-0.484	1.1428571428571428
-0.483	1.1428571428571428
-0.482	1.1428571428571428
-0.481	1.1428571428571428
-0.48	1.1428571428571428
-0.479	1.1428571428571428
-0.478	1.1428571428571428
-0.477	1.1428571428571428
-0.476	1.1428571428571428
-0.475	1.1428571428571428
-0.474	1.1428571428571428
-0.473	1.1428571428571428
-0.472	1.1428571428571428
-0.471	1.1428571428571428
-0.47	1.1428571428571428
-0.469	1.1428571428571428
-0.468	1.1428571428571428
-0.467	1.1428571428571428
-0.466	1.1428571428571428
-0.465	1.1428571428571428
-0.464	1.1428571428571428
-0.463	1.1428571428571428
-0.462	1.1428571428571428
-0.461	1.1428571428571428
-0.46	1.1428571428571428
-0.459	1.1428571428571428
-0.458	1.1428571428571428
-0.457	1.1428571428571428
-0.456	1.1428571428571428
-0.455	1.1428571428571428
-0.454	1.1428571428571428
-0.453	1.1428571428571428
-0.452	1.1428571428571428
-0.451	1.1428571428571428
-0.45	1.1428571428571428
-0.449	1.1428571428571428
-0.448	1.1428571428571428
-0.447	1.1428571428571428
-0.446	1.1428571428571428
-0.445	1.1428571428571428
-0.444	1.1428571428571428
-0.443	1.1428571428571428
-0.442	1.1428571428571428
-0.441	1.1428571428571428
-0.44	1.1428571428571428
-0.439	1.1428571428571428
-0.438	1.1428571428571428
-0.437	1.1428571428571428
-0.436	1.1428571428571428
-0.435	1.1428571428571428
-0.434	1.1428571428571428
-0.433	1.1428571428571428
-0.432	1.1428571428571428
-0.431	1.1428571428571428
-0.43	1.1428571428571428
-0.429	1.1428571428571428
-0.428	1.1428571428571428
-0.427	1.1428571428571428
-0.426	1.1428571428571428
-0.425	1.1428571428571428
-0.424	1.1428571428571428
-0.423	1.1428571428571428
-0.422	1.1428571428571428
-0.421	1.1428571428571428
-0.42	1.1428571428571428
-0.419	1.1428571428571428
-0.418	1.1428571428571428
-0.417	1.1428571428571428
-0.416	1.1428571428571428
-0.415	1.1428571428571428
-0.414	1.1428571428571428
-0.413	1.1428571428571428
-0.412	1.1428571428571428
-0.411	1.1428571428571428
-0.41	1.1428571428571428
-0.409	1.1428571428571428
-0.408	1.1428571428571428
-0.407	1.1428571428571428
-0.406	1.1428571428571428
-0.405	1.1428571428571428
-0.404	1.1428571428571428
-0.403	1.1428571428571428
-0.402	1.1428571428571428
-0.401	1.1428571428571428
-0.4	1.1428571428571428
-0.399	1.1428571428571428
-0.398	1.1428571428571428
-0.397	1.1428571428571428
-0.396	1.1428571428571428
-0.395	1.1428571428571428
-0.394	1.1428571428571428
-0.393	1.1428571428571428
-0.392	1.1428571428571428
-0.391	1.1428571428571428
-0.39	1.1428571428571428
-0.389	1.1428571428571428
-0.388	1.1428571428571428
-0.387	1.1428571428571428
-0.386	1.1428571428571428
-0.385	1.1428571428571428
-0.384	1.1428571428571428
-0.383	1.1428571428571428
-0.382	1.1428571428571428
-0.381	1.1428571428571428
-0.38	1.1428571428571428
-0.379	1.1428571428571428
-0.378	1.1428571428571428
-0.377	1.1428571428571428
-0.376	1.1428571428571428
-0.375	1.1428571428571428
-0.374	1.1428571428571428
-0.373	1.1428571428571428
-0.372	1.1428571428571428
-0.371	1.1428571428571428
-0.37	1.1428571428571428
-0.369	1.1428571428571428
-0.368	1.1428571428571428
-0.367	1.1428571428571428
-0.366	1.1428571428571428
-0.365	1.1428571428571428
-0.364	1.1428571428571428
-0.363	1.1428571428571428
-0.362	1.1428571428571428
-0.361	1.1428571428571428
-0.36	1.1428571428571428
-0.359	1.1428571428571428
-0.358	1.1428571428571428
-0.357	1.1428571428571428
-0.356	1.1428571428571428
-0.355	1.1428571428571428
-0.354	1.1428571428571428
-0.353	1.1428571428571428
-0.352	1.1428571428571428
-0.351	1.1428571428571428
-0.35	1.1428571428571428
-0.349	1.1428571428571428
-0.348	1.1428571428571428
-0.347	1.1428571428571428
-0.346	1.1428571428571428
-0.345	1.1428571428571428
-0.344	1.1428571428571428
-0.343	1.1428571428571428
-0.342	1.1428571428571428
-0.341	1.1428571428571428
-0.34	1.1428571428571428
-0.339	1.1428571428571428
-0.338	1.1428571428571428
-0.337	1.1428571428571428
-0.336	1.1428571428571428
-0.335	1.1428571428571428
-0.334	1.1428571428571428
-0.333	1.1428571428571428
-0.332	1.1428571428571428
-0.331	1.1428571428571428
-0.33	1.1428571428571428
-0.329	1.1428571428571428
-0.328	1.1428571428571428
-0.327	1.1428571428571428
-0.326	1.1428571428571428
-0.325	1.1428571428571428
-0.324	1.1428571428571428
-0.323	1.1428571428571428
-0.322	1.1428571428571428
-0.321	1.1428571428571428
-0.32	1.1428571428571428
-0.319	1.1428571428571428
-0.318	1.1428571428571428
-0.317	1.1428571428571428
-0.316	1.1428571428571428
-0.315	1.1428571428571428
-0.314	1.1428571428571428
-0.313	1.1428571428571428
-0.312	1.1428571428571428
-0.311	1.1428571428571428
-0.31	1.1428571428571428
-0.309	1.1428571428571428
-0.308	1.1428571428571428
-0.307	1.1428571428571428
-0.306	1.1428571428571428
-0.305	1.1428571428571428
-0.304	1.1428571428571428
-0.303	1.1428571428571428
-0.302	1.1428571428571428
-0.301	1.1428571428571428
-0.3	1.1428571428571428
-0.299	1.1428571428571428
-0.298	1.1428571428571428
-0.297	1.1428571428571428
-0.296	1.1428571428571428
-0.295	1.1428571428571428
-0.294	1.1428571428571428
-0.293	1.1428571428571428
-0.292	1.1428571428571428
-0.291	1.1428571428571428
-0.29	1.1428571428571428
-0.289	1.1428571428571428
-0.288	1.1428571428571428
-0.287	1.1428571428571428
-0.286	1.1428571428571428
-0.285	1.1428571428571428
-0.284	1.1428571428571428
-0.283	1.1428571428571428
-0.282	1.1428571428571428
-0.281	1.1428571428571428
-0.28	1.1428571428571428
-0.279	1.1428571428571428
-0.278	1.1428571428571428
-0.277	1.1428571428571428
-0.276	1.1428571428571428
-0.275	1.1428571428571428
-0.274	1.1428571428571428
-0.273	1.1428571428571428
-0.272	1.1428571428571428
-0.271	1.1428571428571428
-0.27	1.1428571428571428
-0.269	1.1428571428571428
-0.268	1.1428571428571428
-0.267	1.1428571428571428
-0.266	1.1428571428571428
-0.265	1.1428571428571428
-0.264	1.1428571428571428
-0.263	1.1428571428571428
-0.262	1.1428571428571428
-0.261	1.1428571428571428
-0.26	1.1428571428571428
-0.259	1.1428571428571428
-0.258	1.1428571428571428
-0.257	1.1428571428571428
-0.256	1.1428571428571428
-0.255	1.1428571428571428
-0.254	1.1428571428571428
-0.253	1.1428571428571428
-0.252	1.1428571428571428
-0.251	1.1428571428571428
-0.25	1.1428571428571428
-0.249	1.1428571428571428
-0.248	1.1428571428571428
-0.247	1.1428571428571428
-0.246	1.1428571428571428
-0.245	1.1428571428571428
-0.244	1.1428571428571428
-0.243	1.1428571428571428
-0.242	1.1428571428571428
-0.241	1.1428571428571428
-0.24	1.1428571428571428
-0.239	1.1428571428571428
-0.238	1.1428571428571428
-0.237	1.1428571428571428
-0.236	1.1428571428571428
-0.235	1.1428571428571428
-0.234	1.1428571428571428
-0.233	1.1428571428571428
-0.232	1.1428571428571428
-0.231	1.1428571428571428
-0.23	1.1428571428571428
-0.229	1.1428571428571428
-0.228	1.1428571428571428
-0.227	1.1428571428571428
-0.226	1.1428571428571428
-0.225	1.1428571428571428
-0.224	1.1428571428571428
-0.223	1.1428571428571428
-0.222	1.1428571428571428
-0.221	1.1428571428571428
-0.22	1.1428571428571428
-0.219	1.1428571428571428
-0.218	1.1428571428571428
-0.217	1.1428571428571428
-0.216	1.1428571428571428
-0.215	1.1428571428571428
-0.214	1.1428571428571428
-0.213	1.1428571428571428
-0.212	1.1428571428571428
-0.211	1.1428571428571428
-0.21	1.1428571428571428
-0.209	1.1428571428571428
-0.208	1.1428571428571428
-0.207	1.1428571428571428
-0.206	1.1428571428571428
-0.205	1.1428571428571428
-0.204	1.1428571428571428
-0.203	1.1428571428571428
-0.202	1.1428571428571428
-0.201	1.1428571428571428
-0.2	1.1428571428571428
-0.199	1.1428571428571428
-0.198	1.1428571428571428
-0.197	1.1428571428571428
-0.196	1.1428571428571428
-0.195	1.1428571428571428
-0.194	1.1428571428571428
-0.193	1.1428571428571428
-0.192	1.1428571428571428
-0.191	1.1428571428571428
-0.19	1.1428571428571428
-0.189	1.1428571428571428
-0.188	1.1428571428571428
-0.187	1.1428571428571428
-0.186	1.1428571428571428
-0.185	1.1428571428571428
-0.184	1.1428571428571428
-0.183	1.1428571428571428
-0.182	1.1428571428571428
-0.181	1.1428571428571428
-0.18	1.1428571428571428
-0.179	1.1428571428571428
-0.178	1.1428571428571428
-0.177	1.1428571428571428
-0.176	1.1428571428571428
-0.175	1.1428571428571428
-0.174	1.1428571428571428
-0.173	1.1428571428571428
-0.172	1.1428571428571428
-0.171	1.1428571428571428
-0.17	1.1428571428571428
-0.169	1.1428571428571428
-0.168	1.1428571428571428
-0.167	1.1428571428571428
-0.166	1.1428571428571428
-0.165	1.1428571428571428
-0.164	1.1428571428571428
-0.163	1.1428571428571428
-0.162	1.1428571428571428
-0.161	1.1428571428571428
-0.16	1.1428571428571428
-0.159	1.1428571428571428
-0.158	1.1428571428571428
-0.157	1.1428571428571428
-0.156	1.1428571428571428
-0.155	1.1428571428571428
-0.154	1.1428571428571428
-0.153	1.1428571428571428
-0.152	1.1428571428571428
-0.151	1.1428571428571428
-0.15	1.1428571428571428
-0.149	1.1428571428571428
-0.148	1.1428571428571428
-0.147	1.1428571428571428
-0.146	1.1428571428571428
-0.145	1.1428571428571428
-0.144	1.1428571428571428
-0.143	1.1428571428571428
-0.142	1.1428571428571428
-0.141	1.1428571428571428
-0.14	1.1428571428571428
-0.139	1.1428571428571428
-0.138	1.1428571428571428
-0.137	1.1428571428571428
-0.136	1.1428571428571428
-0.135	1.1428571428571428
-0.134	1.1428571428571428
-0.133	1.1428571428571428
-0.132	1.1428571428571428
-0.131	1.1428571428571428
-0.13	1.1428571428571428
-0.129	1.1428571428571428
-0.128	1.1428571428571428
-0.127	1.1428571428571428
-0.126	1.1428571428571428
-0.125	1.1428571428571428
-0.124	1.1428571428571428
-0.123	1.1428571428571428
-0.122	1.1428571428571428
-0.121	1.1428571428571428
-0.12	1.1428571428571428
-0.119	1.1428571428571428
-0.118	1.1428571428571428
-0.117	1.1428571428571428
-0.116	1.1428571428571428
-0.115	1.1428571428571428
-0.114	1.1428571428571428
-0.113	1.1428571428571428
-0.112	1.1428571428571428
-0.111	1.1428571428571428
-0.11	1.1428571428571428
-0.109	1.1428571428571428
-0.108	1.1428571428571428
-0.107	1.1428571428571428
-0.106	1.1428571428571428
-0.105	1.1428571428571428
-0.104	1.1428571428571428
-0.103	1.1428571428571428
-0.102	1.1428571428571428
-0.101	1.1428571428571428
-0.1	1.1428571428571428
-0.099	1.1428571428571428
-0.098	1.1428571428571428
-0.097	1.1428571428571428
-0.096	1.1428571428571428
-0.095	1.1428571428571428
-0.094	1.1428571428571428
-0.093	1.1428571428571428
-0.092	1.1428571428571428
-0.091	1.1428571428571428
-0.09	1.1428571428571428
-0.089	1.1428571428571428
-0.088	1.1428571428571428
-0.087	1.1428571428571428
-0.086	1.1428571428571428
-0.085	1.1428571428571428
-0.084	1.1428571428571428
-0.083	1.1428571428571428
-0.082	1.1428571428571428
-0.081	1.1428571428571428
-0.08	1.1428571428571428
-0.079	1.1428571428571428
-0.078	1.1428571428571428
-0.077	1.1428571428571428
-0.076	1.1428571428571428
-0.075	1.1428571428571428
-0.074	1.1428571428571428
-0.073	1.1428571428571428
-0.072	1.1428571428571428
-0.071	1.1428571428571428
-0.07	1.1428571428571428
-0.069	1.1428571428571428
-0.068	1.1428571428571428
-0.067	1.1428571428571428
-0.066	1.1428571428571428
-0.065	1.1428571428571428
-0.064	1.1428571428571428
-0.063	1.1428571428571428
-0.062	1.1428571428571428
-0.061	1.1428571428571428
-0.06	1.1428571428571428
-0.059	1.1428571428571428
-0.058	1.1428571428571428
-0.057	1.1428571428571428
-0.056	1.1428571428571428
-0.055	1.1428571428571428
-0.054	1.1428571428571428
-0.053	1.1428571428571428
-0.052	1.1428571428571428
-0.051	1.1428571428571428
-0.05	1.1428571428571428
-0.049	1.1428571428571428
-0.048	1.1428571428571428
-0.047	1.1428571428571428
-0.046	1.1428571428571428
-0.045	1.1428571428571428
-0.044	1.1428571428571428
-0.043	1.1428571428571428
-0.042	1.1428571428571428
-0.041	1.1428571428571428
-0.04	1.1428571428571428
-0.039	1.1428571428571428
-0.038	1.1428571428571428
-0.037	1.1428571428571428
-0.036	1.1428571428571428
-0.035	1.1428571428571428
-0.034	1.1428571428571428
-0.033	1.1428571428571428
-0.032	1.1428571428571428
-0.031	1.1428571428571428
-0.03	1.1428571428571428
-0.029	1.1428571428571428
-0.028	1.1428571428571428
-0.027	1.1428571428571428
-0.026	1.1428571428571428
-0.025	1.1428571428571428
-0.024	1.1428571428571428
-0.023	1.1428571428571428
-0.022	1.1428571428571428
-0.021	1.1428571428571428
-0.02	1.1428571428571428
-0.019	1.1428571428571428
-0.018	1.1428571428571428
-0.017	1.1428571428571428
-0.016	1.1428571428571428
-0.015	1.1428571428571428
-0.014	1.1428571428571428
-0.013	1.1428571428571428
-0.012	1.1428571428571428
-0.011	1.1428571428571428
-0.01	1.1428571428571428
-0.009	1.1428571428571428
-0.008	1.1428571428571428
-0.007	1.1428571428571428
-0.006	1.1428571428571428
-0.005	1.1428571428571428
-0.004	1.1428571428571428
-0.003	1.1428571428571428
-0.002	1.1428571428571428
-0.001	1.1428571428571428
0.0	1.1428571428571428
0.001	1.1428571428571428
0.002	1.1428571428571428
0.003	1.1428571428571428
0.004	1.1428571428571428
0.005	1.1428571428571428
0.006	1.1428571428571428
0.007	1.1428571428571428
0.008	1.1428571428571428
0.009	1.1428571428571428
0.01	1.1428571428571428
0.011	1.1428571428571428
0.012	1.1428571428571428
0.013	1.1428571428571428
0.014	1.1428571428571428
0.015	1.1428571428571428
0.016	1.1428571428571428
0.017	1.1428571428571428
0.018	1.1428571428571428
0.019	1.1428571428571428
0.02	1.1428571428571428
0.021	1.1428571428571428
0.022	1.1428571428571428
0.023	1.1428571428571428
0.024	1.1428571428571428
0.025	1.1428571428571428
0.026	1.1428571428571428
0.027	1.1428571428571428
0.028	1.1428571428571428
0.029	1.1428571428571428
0.03	1.1428571428571428
0.031	1.1428571428571428
0.032	1.1428571428571428
0.033	1.1428571428571428
0.034	1.1428571428571428
0.035	1.1428571428571428
0.036	1.1428571428571428
0.037	1.1428571428571428
0.038	1.1428571428571428
0.039	1.1428571428571428
0.04	1.1428571428571428
0.041	1.1428571428571428
0.042	1.1428571428571428
0.043	1.1428571428571428
0.044	1.1428571428571428
0.045	1.1428571428571428
0.046	1.1428571428571428
0.047	1.1428571428571428
0.048	1.1428571428571428
0.049	1.1428571428571428
0.05	1.1428571428571428
0.051	1.1428571428571428
0.052	1.1428571428571428
0.053	1.1428571428571428
0.054	1.1428571428571428
0.055	1.1428571428571428
0.056	1.1428571428571428
0.057	1.1428571428571428
0.058	1.1428571428571428
0.059	1.1428571428571428
0.06	1.1428571428571428
0.061	1.1428571428571428
0.062	1.1428571428571428
0.063	1.1428571428571428
0.064	1.1428571428571428
0.065	1.1428571428571428
0.066	1.1428571428571428
0.067	1.1428571428571428
0.068	1.1428571428571428
0.069	1.1428571428571428
0.07	1.1428571428571428
0.071	1.1428571428571428
0.072	1.1428571428571428
0.073	1.1428571428571428
0.074	1.1428571428571428
0.075	1.1428571428571428
0.076	1.1428571428571428
0.077	1.1428571428571428
0.078	1.1428571428571428
0.079	1.1428571428571428
0.08	1.1428571428571428
0.081	1.1428571428571428
0.082	1.1428571428571428
0.083	1.1428571428571428
0.084	1.1428571428571428
0.085	1.1428571428571428
0.086	1.1428571428571428
0.087	1.1428571428571428
0.088	1.1428571428571428
0.089	1.1428571428571428
0.09	1.1428571428571428
0.091	1.1428571428571428
0.092	1.1428571428571428
0.093	1.1428571428571428
0.094	1.1428571428571428
0.095	1.1428571428571428
0.096	1.1428571428571428
0.097	1.1428571428571428
0.098	1.1428571428571428
0.099	1.1428571428571428
0.1	1.1428571428571428
0.101	1.1428571428571428
0.102	1.1428571428571428
0.103	1.1428571428571428
0.104	1.1428571428571428
0.105	1.1428571428571428
0.106	1.1428571428571428
0.107	1.1428571428571428
0.108	1.1428571428571428
0.109	1.1428571428571428
0.11	1.1428571428571428
0.111	1.1428571428571428
0.112	1.1428571428571428
0.113	1.1428571428571428
0.114	1.1428571428571428
0.115	1.1428571428571428
0.116	1.1428571428571428
0.117	1.1428571428571428
0.118	1.1428571428571428
0.119	1.1428571428571428
0.12	1.1428571428571428
0.121	1.1428571428571428
0.122	1.1428571428571428
0.123	1.1428571428571428
0.124	1.1428571428571428
0.125	1.1428571428571428
0.126	1.1428571428571428
0.127	1.1428571428571428
0.128	1.1428571428571428
0.129	1.1428571428571428
0.13	1.1428571428571428
0.131	1.1428571428571428
0.132	1.1428571428571428
0.133	1.1428571428571428
0.134	1.1428571428571428
0.135	1.1428571428571428
0.136	1.1428571428571428
0.137	1.1428571428571428
0.138	1.1428571428571428
0.139	1.1428571428571428
0.14	1.1428571428571428
0.141	1.1428571428571428
0.142	1.1428571428571428
0.143	1.1428571428571428
0.144	1.1428571428571428
0.145	1.1428571428571428
0.146	1.1428571428571428
0.147	1.1428571428571428
0.148	1.1428571428571428
0.149	1.1428571428571428
0.15	1.1428571428571428
0.151	1.1428571428571428
0.152	1.1428571428571428
0.153	1.1428571428571428
0.154	1.1428571428571428
0.155	1.1428571428571428
0.156	1.1428571428571428
0.157	1.1428571428571428
0.158	1.1428571428571428
0.159	1.1428571428571428
0.16	1.1428571428571428
0.161	1.1428571428571428
0.162	1.1428571428571428
0.163	1.1428571428571428
0.164	1.1428571428571428
0.165	1.1428571428571428
0.166	1.1428571428571428
0.167	1.1428571428571428
0.168	1.1428571428571428
0.169	1.1428571428571428
0.17	1.1428571428571428
0.171	1.1428571428571428
0.172	1.1428571428571428
0.173	1.1428571428571428
0.174	1.1428571428571428
0.175	1.1428571428571428
0.176	1.1428571428571428
0.177	1.1428571428571428
0.178	1.1428571428571428
0.179	1.1428571428571428
0.18	1.1428571428571428
0.181	1.1428571428571428
0.182	1.1428571428571428
0.183	1.1428571428571428
0.184	1.1428571428571428
0.185	1.1428571428571428
0.186	1.1428571428571428
0.187	1.1428571428571428
0.188	1.1428571428571428
0.189	1.1428571428571428
0.19	1.1428571428571428
0.191	1.1428571428571428
0.192	1.1428571428571428
0.193	1.1428571428571428
0.194	1.1428571428571428
0.195	1.1428571428571428
0.196	1.1428571428571428
0.197	1.1428571428571428
0.198	1.1428571428571428
0.199	1.1428571428571428
0.2	1.1428571428571428
0.201	1.1428571428571428
0.202	1.1428571428571428
0.203	1.1428571428571428
0.204	1.1428571428571428
0.205	1.1428571428571428
0.206	1.1428571428571428
0.207	1.1428571428571428
0.208	1.1428571428571428
0.209	1.1428571428571428
0.21	1.1428571428571428
0.211	1.1428571428571428
0.212	1.1428571428571428
0.213	1.1428571428571428
0.214	1.1428571428571428
0.215	1.1428571428571428
0.216	1.1428571428571428
0.217	1.1428571428571428
0.218	1.1428571428571428
0.219	1.1428571428571428
0.22	1.1428571428571428
0.221	1.1428571428571428
0.222	1.1428571428571428
0.223	1.1428571428571428
0.224	1.1428571428571428
0.225	1.1428571428571428
0.226	1.1428571428571428
0.227	1.1428571428571428
0.228	1.1428571428571428
0.229	1.1428571428571428
0.23	1.1428571428571428
0.231	1.1428571428571428
0.232	1.1428571428571428
0.233	1.1428571428571428
0.234	1.1428571428571428
0.235	1.1428571428571428
0.236	1.1428571428571428
0.237	1.1428571428571428
0.238	1.1428571428571428
0.239	1.1428571428571428
0.24	1.1428571428571428
0.241	1.1428571428571428
0.242	1.1428571428571428
0.243	1.1428571428571428
0.244	1.1428571428571428
0.245	1.1428571428571428
0.246	1.1428571428571428
0.247	1.1428571428571428
0.248	1.1428571428571428
0.249	1.1428571428571428
0.25	1.1428571428571428
0.251	1.1428571428571428
0.252	1.1428571428571428
0.253	1.1428571428571428
0.254	1.1428571428571428
0.255	1.1428571428571428
0.256	1.1428571428571428
0.257	1.1428571428571428
0.258	1.1428571428571428
0.259	1.1428571428571428
0.26	1.1428571428571428
0.261	1.1428571428571428
0.262	1.1428571428571428
0.263	1.1428571428571428
0.264	1.1428571428571428
0.265	1.1428571428571428
0.266	1.1428571428571428
0.267	1.1428571428571428
0.268	1.1428571428571428
0.269	1.1428571428571428
0.27	1.1428571428571428
0.271	1.1428571428571428
0.272	1.1428571428571428
0.273	1.1428571428571428
0.274	1.1428571428571428
0.275	1.1428571428571428
0.276	1.1428571428571428
0.277	1.1428571428571428
0.278	1.1428571428571428
0.279	1.1428571428571428
0.28	1.1428571428571428
0.281	1.1428571428571428
0.282	1.1428571428571428
0.283	1.1428571428571428
0.284	1.1428571428571428
0.285	1.1428571428571428
0.286	1.1428571428571428
0.287	1.1428571428571428
0.288	1.1428571428571428
0.289	1.1428571428571428
0.29	1.1428571428571428
0.291	1.1428571428571428
0.292	1.1428571428571428
0.293	1.1428571428571428
0.294	1.1428571428571428
0.295	1.1428571428571428
0.296	1.1428571428571428
0.297	1.1428571428571428
0.298	1.1428571428571428
0.299	1.1428571428571428
0.3	1.1428571428571428
0.301	1.1428571428571428
0.302	1.1428571428571428
0.303	1.1428571428571428
0.304	1.1428571428571428
0.305	1.1428571428571428
0.306	1.1428571428571428
0.307	1.1428571428571428
0.308	1.1428571428571428
0.309	4.0
0.31	4.0
0.311	4.0
0.312	4.0
0.313	4.0
0.314	4.0
0.315	4.0
0.316	4.0
0.317	4.0
0.318	4.0
0.319	4.0
0.32	4.0
0.321	4.0
0.322	4.0
0.323	4.0
0.324	4.0
0.325	4.0
0.326	4.0
0.327	4.0
0.328	4.0
0.329	4.0
0.33	4.0
0.331	4.0
0.332	4.0
0.333	4.0
0.334	4.0
0.335	4.0
0.336	4.0
0.337	4.0
0.338	4.0
0.339	4.0
0.34	4.0
0.341	4.0
0.342	4.0
0.343	4.0
0.344	4.0
0.345	4.0
0.346	4.0
0.347	4.0
0.348	4.0
0.349	4.0
0.35	4.0
0.351	4.0
0.352	4.0
0.353	4.0
0.354	4.0
0.355	4.0
0.356	4.0
0.357	4.0
0.358	4.0
0.359	4.0
0.36	4.0
0.361	4.0
0.362	4.0
0.363	4.0
0.364	4.0
0.365	4.0
0.366	4.0
0.367	4.0
0.368	4.0
0.369	4.0
0.37	4.0
0.371	4.0
0.372	4.0
0.373	4.0
0.374	4.0
0.375	4.0
0.376	4.0
0.377	4.0
0.378	4.0
0.379	4.0
0.38	4.0
0.381	4.0
0.382	4.0
0.383	4.0
0.384	4.0
0.385	4.0
0.386	4.0
0.387	4.0
0.388	4.0
0.389	4.0
0.39	4.0
0.391	4.0
0.392	4.0
0.393	4.0
0.394	4.0
0.395	4.0
0.396	4.0
0.397	4.0
0.398	4.0
0.399	4.0
0.4	4.0
0.401	4.0
0.402	4.0
0.403	4.0
0.404	4.0
0.405	4.0
0.406	4.0
0.407	4.0
0.408	4.0
0.409	4.0
0.41	4.0
0.411	4.0
0.412	4.0
0.413	4.0
0.414	4.0
0.415	4.0
0.416	4.0
0.417	4.0
0.418	4.0
0.419	4.0
0.42	4.0
0.421	4.0
0.422	4.0
0.423	4.0
0.424	4.0
0.425	4.0
0.426	4.0
0.427	4.0
0.428	4.0
0.429	4.0
0.43	4.0
0.431	4.0
0.432	4.0
0.433	4.0
0.434	4.0
0.435	4.0
0.436	4.0
0.437	4.0
0.438	4.0
0.439	4.0
0.44	4.0
0.441	4.0
0.442	4.0
0.443	4.0
0.444	4.0
0.445	4.0
0.446	4.0
0.447	4.0
0.448	4.0
0.449	4.0
0.45	4.0
0.451	4.0
0.452	4.0
0.453	4.0
0.454	4.0
0.455	4.0
0.456	4.0
0.457	4.0
0.458	4.0
0.459	4.0
0.46	4.0
0.461	4.0
0.462	4.0
0.463	4.0
0.464	4.0
0.465	4.0
0.466	4.0
0.467	4.0
0.468	4.0
0.469	4.0
0.47	4.0
0.471	4.0
0.472	4.0
0.473	4.0
0.474	4.0
0.475	4.0
0.476	4.0
0.477	4.0
0.478	4.0
0.479	4.0
0.48	4.0
0.481	4.0
0.482	4.0
0.483	4.0
0.484	4.0
0.485	4.0
0.486	4.0
0.487	4.0
0.488	4.0
0.489	4.0
0.49	4.0
0.491	4.0
0.492	4.0
0.493	4.0
0.494	4.0
0.495	4.0
0.496	4.0
0.497	4.0
0.498	4.0
0.499	4.0
0.5	4.0
0.501	4.0
0.502	4.0
0.503	4.0
0.504	4.0
0.505	4.0
0.506	4.0
0.507	4.0
0.508	4.0
0.509	4.0
0.51	4.0
0.511	4.0
0.512	4.0
0.513	4.0
0.514	4.0
0.515	4.0
0.516	4.0
0.517	4.0
0.518	4.0
0.519	4.0
0.52	4.0
0.521	4.0
0.522	4.0
0.523	4.0
0.524	4.0
0.525	4.0
0.526	4.0
0.527	4.0
0.528	4.0
0.529	4.0
0.53	4.0
0.531	4.0
0.532	4.0
0.533	4.0
0.534	4.0
0.535	4.0
0.536	4.0
0.537	4.0
0.538	4.0
0.539	4.0
0.54	4.0
0.541	4.0
0.542	4.0
0.543	4.0
0.544	4.0
0.545	4.0
0.546	4.0
0.547	4.0
0.548	4.0
0.549	4.0
0.55	4.0
0.551	4.0
0.552	4.0
0.553	4.0
0.554	4.0
0.555	4.0
0.556	4.0
0.557	4.0
0.558	4.0
0.559	4.0
0.56	4.0
0.561	4.0
0.562	4.0
0.563	4.0
0.564	4.0
0.565	4.0
0.566	4.0
0.567	4.0
0.568	4.0
0.569	4.0
0.57	4.0
0.571	4.0
0.572	4.0
0.573	4.0
0.574	4.0
0.575	4.0
0.576	4.0
0.577	4.0
0.578	4.0
0.579	4.0
0.58	4.0
0.581	4.0
0.582	4.0
0.583	4.0
0.584	4.0
0.585	4.0
0.586	4.0
0.587	4.0
0.588	4.0
0.589	4.0
0.59	4.0
0.591	4.0
0.592	4.0
0.593	4.0
0.594	4.0
0.595	4.0
0.596	4.0
0.597	4.0
0.598	4.0
0.599	4.0
0.6	4.0
0.601	4.0
0.602	4.0
0.603	4.0
0.604	4.0
0.605	4.0
0.606	4.0
0.607	4.0
0.608	4.0
0.609	4.0
0.61	4.0
0.611	4.0
0.612	4.0
0.613	4.0
0.614	4.0
0.615	4.0
0.616	4.0
0.617	4.0
0.618	4.0
0.619	4.0
0.62	4.0
0.621	4.0
0.622	4.0
0.623	4.0
0.624	4.0
0.625	4.0
0.626	4.0
0.627	4.0
0.628	4.0
0.629	4.0
0.63	4.0
0.631	4.0
0.632	4.0
0.633	4.0
0.634	4.0
0.635	4.0
0.636	4.0
0.637	4.0
0.638	4.0
0.639	4.0
0.64	4.0
0.641	4.0
0.642	4.0
0.643	4.0
0.644	4.0
0.645	4.0
0.646	4.0
0.647	4.0
0.648	4.0
0.649	4.0
0.65	4.0
0.651	4.0
0.652	4.0
0.653	4.0
0.654	4.0
0.655	4.0
0.656	4.0
0.657	4.0
0.658	4.0
0.659	4.0
0.66	4.0
0.661	4.0
0.662	4.0
0.663	4.0
0.664	4.0
0.665	4.0
0.666	4.0
0.667	4.0
0.668	4.0
0.669	4.0
0.67	4.0
0.671	4.0
0.672	4.0
0.673	4.0
0.674	4.0
0.675	4.0
0.676	4.0
0.677	4.0
0.678	4.0
0.679	4.0
0.68	4.0
0.681	4.0
0.682	4.0
0.683	4.0
0.684	4.0
0.685	4.0
0.686	4.0
0.687	4.0
0.688	4.0
0.689	4.0
0.69	4.0
0.691	4.0
0.692	4.0
0.693	4.0
0.694	4.0
0.695	4.0
0.696	4.0
0.697	4.0
0.698	4.0
0.699	4.0
0.7	4.0
0.701	4.0
0.702	4.0
0.703	4.0
0.704	4.0
0.705	4.0
0.706	4.0
0.707	4.0
0.708	4.0
0.709	4.0
0.71	4.0
0.711	4.0
0.712	4.0
0.713	4.0
0.714	4.0
0.715	4.0
0.716	4.0
0.717	4.0
0.718	4.0
0.719	4.0
0.72	4.0
0.721	4.0
0.722	4.0
0.723	4.0
0.724	4.0
0.725	4.0
0.726	4.0
0.727	4.0
0.728	4.0
0.729	4.0
0.73	4.0
0.731	4.0
0.732	4.0
0.733	4.0
0.734	4.0
0.735	4.0
0.736	4.0
0.737	4.0
0.738	4.0
0.739	4.0
0.74	4.0
0.741	4.0
0.742	4.0
0.743	4.0
0.744	4.0
0.745	4.0
0.746	4.0
0.747	4.0
0.748	4.0
0.749	4.0
0.75	4.0
0.751	4.0
0.752	4.0
0.753	4.0
0.754	4.0
0.755	4.0
0.756	4.0
0.757	4.0
0.758	4.0
0.759	4.0
0.76	4.0
0.761	4.0
0.762	4.0
0.763	4.0
0.764	4.0
0.765	4.0
0.766	4.0
0.767	4.0
0.768	4.0
0.769	4.0
0.77	4.0
0.771	4.0
0.772	4.0
0.773	4.0
0.774	4.0
0.775	4.0
0.776	4.0
0.777	4.0
0.778	4.0
0.779	4.0
0.78	4.0
0.781	4.0
0.782	4.0
0.783	4.0
0.784	4.0
0.785	4.0
0.786	4.0
0.787	4.0
0.788	4.0
0.789	4.0
0.79	4.0
0.791	4.0
0.792	4.0
0.793	4.0
0.794	4.0
0.795	4.0
0.796	4.0
0.797	4.0
0.798	4.0
0.799	4.0
0.8	4.0
0.801	4.0
0.802	4.0
0.803	4.0
0.804	4.0
0.805	4.0
0.806	4.0
0.807	4.0
0.808	4.0
0.809	4.0
0.81	4.0
0.811	4.0
0.812	4.0
0.813	4.0
0.814	4.0
0.815	4.0
0.816	4.0
0.817	4.0
0.818	4.0
0.819	4.0
0.82	4.0
0.821	4.0
0.822	4.0
0.823	4.0
0.824	4.0
0.825	4.0
0.826	4.0
0.827	4.0
0.828	4.0
0.829	4.0
0.83	4.0
0.831	4.0
0.832	4.0
0.833	4.0
0.834	4.0
0.835	4.0
0.836	4.0
0.837	4.0
0.838	4.0
0.839	4.0
0.84	4.0
0.841	4.0
0.842	4.0
0.843	4.0
0.844	4.0
0.845	4.0
0.846	4.0
0.847	4.0
0.848	4.0
0.849	4.0
0.85	4.0
0.851	4.0
0.852	4.0
0.853	4.0
0.854	4.0
0.855	4.0
0.856	4.0
0.857	4.0
0.858	4.0
0.859	4.0
0.86	4.0
0.861	4.0
0.862	4.0
0.863	4.0
0.864	4.0
0.865	4.0
0.866	4.0
0.867	4.0
0.868	4.0
0.869	4.0
0.87	4.0
0.871	4.0
0.872	4.0
0.873	4.0
0.874	4.0
0.875	4.0
0.876	4.0
0.877	4.0
0.878	4.0
0.879	4.0
0.88	4.0
0.881	4.0
0.882	4.0
0.883	4.0
0.884	4.0
0.885	4.0
0.886	4.0
0.887	4.0
0.888	4.0
0.889	4.0
0.89	4.0
0.891	4.0
0.892	4.0
0.893	4.0
0.894	4.0
0.895	4.0
0.896	4.0
0.897	4.0
0.898	4.0
0.899	4.0
0.9	4.0
0.901	4.0
0.902	4.0
0.903	4.0
0.904	4.0
0.905	4.0
0.906	4.0
0.907	4.0
0.908	4.0
0.909	4.0
0.91	4.0
0.911	4.0
0.912	4.0
0.913	4.0
0.914	4.0
0.915	4.0
0.916	4.0
0.917	4.0
0.918	4.0
0.919	4.0
0.92	4.0
0.921	4.0
0.922	4.0
0.923	4.0
0.924	4.0
0.925	4.0
0.926	4.0
0.927	4.0
0.928	4.0
0.929	4.0
0.93	4.0
0.931	4.0
0.932	4.0
0.933	4.0
0.934	4.0
0.935	4.0
0.936	4.0
0.937	4.0
0.938	4.0
0.939	4.0
0.94	4.0
0.941	4.0
0.942	4.0
0.943	4.0
0.944	4.0
0.945	4.0
0.946	4.0
0.947	4.0
0.948	4.0
0.949	4.0
0.95	4.0
0.951	4.0
0.952	4.0
0.953	4.0
0.954	4.0
0.955	4.0
0.956	4.0
0.957	4.0
0.958	4.0
0.959	4.0
0.96	4.0
0.961	4.0
0.962	4.0
0.963	4.0
0.964	4.0
0.965	4.0
0.966	4.0
0.967	4.0
0.968	4.0
0.969	4.0
0.97	4.0
0.971	4.0
0.972	4.0
0.973	4.0
0.974	4.0
0.975	4.0
0.976	4.0
0.977	4.0
0.978	4.0
0.979	4.0
0.98	4.0
0.981	4.0
0.982	4.0
0.983	4.0
0.984	4.0
0.985	4.0
0.986	4.0
0.987	4.0
0.988	4.0
0.989	4.0
0.99	4.0
0.991	4.0
0.992	4.0
0.993	4.0
0.994	4.0
0.995	4.0
0.996	4.0
0.997	4.0
0.998	4.0
0.999	4.0
1.0	4.0
1.001	4.0
1.002	4.0
1.003	4.0
1.004	4.0
1.005	4.0
1.006	4.0
1.007	4.0
1.008	4.0
1.009	4.0
1.01	4.0
1.011	4.0
1.012	4.0
1.013	4.0
1.014	4.0
1.015	4.0
1.016	4.0
1.017	4.0
1.018	4.0
1.019	4.0
1.02	4.0
1.021	4.0
1.022	4.0
1.023	4.0
1.024	4.0
1.025	4.0
1.026	4.0
1.027	4.0
1.028	4.0
1.029	4.0
1.03	4.0
1.031	4.0
1.032	4.0
1.033	4.0
1.034	4.0
1.035	4.0
1.036	4.0
1.037	4.0
1.038	4.0
1.039	4.0
1.04	4.0
1.041	4.0
1.042	4.0
1.043	4.0
1.044	4.0
1.045	4.0
1.046	4.0
1.047	4.0
1.048	4.0
1.049	4.0
1.05	4.0
1.051	4.0
1.052	4.0
1.053	4.0
1.054	4.0
1.055	4.0
1.056	4.0
1.057	4.0
1.058	4.0
1.059	4.0
1.06	4.0
1.061	4.0
1.062	4.0
1.063	4.0
1.064	4.0
1.065	4.0
1.066	4.0
1.067	4.0
1.068	4.0
1.069	4.0
1.07	4.0
1.071	4.0
1.072	4.0
1.073	4.0
1.074	4.0
1.075	4.0
1.076	4.0
1.077	4.0
1.078	4.0
1.079	4.0
1.08	4.0
1.081	4.0
1.082	4.0
1.083	4.0
1.084	4.0
1.085	4.0
1.086	4.0
1.087	4.0
1.088	4.0
1.089	4.0
1.09	4.0
1.091	4.0
1.092	4.0
1.093	4.0
1.094	4.0
1.095	4.0
1.096	4.0
1.097	4.0
1.098	4.0
1.099	4.0
1.1	4.0
1.101	4.0
1.102	4.0
1.103	4.0
1.104	4.0
1.105	4.0
1.106	4.0
1.107	4.0
1.108	4.0
1.109	4.0
1.11	4.0
1.111	4.0
1.112	4.0
1.113	4.0
1.114	4.0
1.115	4.0
1.116	4.0
1.117	4.0
1.118	4.0
1.119	4.0
1.12	4.0
1.121	4.0
1.122	4.0
1.123	4.0
1.124	4.0
1.125	4.0
1.126	4.0
1.127	4.0
1.128	4.0
1.129	4.0
1.13	4.0
1.131	4.0
1.132	4.0
1.133	4.0
1.134	4.0
1.135	4.0
1.136	4.0
1.137	4.0
1.138	4.0
1.139	4.0
1.14	4.0
1.141	4.0
1.142	4.0
1.143	4.0
1.144	4.0
1.145	4.0
1.146	4.0
1.147	4.0
1.148	4.0
1.149	4.0
1.15	4.0
1.151	4.0
1.152	4.0
1.153	4.0
1.154	4.0
1.155	4.0
1.156	4.0
1.157	4.0
1.158	4.0
1.159	4.0
1.16	4.0
1.161	4.0
1.162	4.0
1.163	4.0
1.164	4.0
1.165	4.0
1.166	4.0
1.167	4.0
1.168	4.0
1.169	4.0
1.17	4.0
1.171	4.0
1.172	4.0
1.173	4.0
1.174	4.0
1.175	4.0
1.176	4.0
1.177	4.0
1.178	4.0
1.179	4.0
1.18	4.0
1.181	4.0
1.182	4.0
1.183	4.0
1.184	4.0
1.185	4.0
1.186	4.0
1.187	4.0
1.188	4.0
1.189	4.0
1.19	4.0
1.191	4.0
1.192	4.0
1.193	4.0
1.194	4.0
1.195	4.0
1.196	4.0
1.197	4.0
1.198	4.0
1.199	4.0
1.2	4.0
1.201	4.0
1.202	4.0
1.203	4.0
1.204	4.0
1.205	4.0
1.206	4.0
1.207	4.0
1.208	4.0
1.209	4.0
1.21	4.0
1.211	4.0
1.212	4.0
1.213	4.0
1.214	4.0
1.215	4.0
1.216	4.0
1.217	4.0
1.218	4.0
1.219	4.0
1.22	4.0
1.221	4.0
1.222	4.0
1.223	4.0
1.224	4.0
1.225	4.0
1.226	4.0
1.227	4.0
1.228	4.0
1.229	4.0
1.23	4.0
1.231	4.0
1.232	4.0
1.233	4.0
1.234	4.0
1.235	4.0
1.236	4.0
1.237	4.0
1.238	4.0
1.239	4.0
1.24	4.0
1.241	4.0
1.242	4.0
1.243	4.0
1.244	4.0
1.245	4.0
1.246	4.0
1.247	4.0
1.248	4.0
1.249	4.0
1.25	4.0
1.251	4.0
1.252	4.0
1.253	4.0
1.254	4.0
1.255	4.0
1.256	4.0
1.257	4.0
1.258	4.0
1.259	4.0
1.26	4.0
1.261	4.0
1.262	4.0
1.263	4.0
1.264	4.0
1.265	4.0
1.266	4.0
1.267	4.0
1.268	4.0
1.269	4.0
1.27	4.0
1.271	4.0
1.272	4.0
1.273	4.0
1.274	4.0
1.275	4.0
1.276	4.0
1.277	4.0
1.278	4.0
1.279	4.0
1.28	4.0
1.281	4.0
1.282	4.0
1.283	4.0
1.284	4.0
1.285	4.0
1.286	4.0
1.287	4.0
1.288	4.0
1.289	4.0
1.29	4.0
1.291	4.0
1.292	4.0
1.293	4.0
1.294	4.0
1.295	4.0
1.296	4.0
1.297	4.0
1.298	4.0
1.299	4.0
1.3	4.0
1.301	4.0
1.302	4.0
1.303	4.0
1.304	4.0
1.305	4.0
1.306	4.0
1.307	4.0
1.308	4.0
1.309	4.0
1.31	4.0
1.311	4.0
1.312	4.0
1.313	4.0
1.314	4.0
1.315	4.0
1.316	4.0
1.317	4.0
1.318	4.0
1.319	4.0
1.32	4.0
1.321	4.0
1.322	4.0
1.323	4.0
1.324	4.0
1.325	4.0
1.326	4.0
1.327	4.0
1.328	4.0
1.329	4.0
1.33	4.0
1.331	4.0
1.332	4.0
1.333	4.0
1.334	4.0
1.335	4.0
1.336	4.0
1.337	4.0
1.338	4.0
1.339	4.0
1.34	4.0
1.341	4.0
1.342	4.0
1.343	4.0
1.344	4.0
1.345	4.0
1.346	4.0
1.347	4.0
1.348	4.0
1.349	4.0
1.35	4.0
1.351	4.0
1.352	4.0
1.353	4.0
1.354	4.0
1.355	4.0
1.356	4.0
1.357	4.0
1.358	4.0
1.359	4.0
1.36	4.0
1.361	4.0
1.362	4.0
1.363	4.0
1.364	4.0
1.365	4.0
1.366	4.0
1.367	4.0
1.368	4.0
1.369	4.0
1.37	4.0
1.371	4.0
1.372	4.0
1.373	4.0
1.374	4.0
1.375	4.0
1.376	4.0
1.377	4.0
1.378	4.0
1.379	4.0
1.38	4.0
1.381	4.0
1.382	4.0
1.383	4.0
1.384	4.0
1.385	4.0
1.386	4.0
1.387	4.0
1.388	4.0
1.389	4.0
1.39	4.0
1.391	4.0
1.392	4.0
1.393	4.0
1.394	4.0
1.395	4.0
1.396	4.0
1.397	4.0
1.398	4.0
1.399	4.0
1.4	4.0
1.401	4.0
1.402	4.0
1.403	4.0
1.404	4.0
1.405	4.0
1.406	4.0
1.407	4.0
1.408	4.0
1.409	4.0
1.41	4.0
1.411	4.0
1.412	4.0
1.413	4.0
1.414	4.0
1.415	4.0
1.416	4.0
1.417	4.0
1.418	4.0
1.419	4.0
1.42	4.0
1.421	4.0
1.422	4.0
1.423	4.0
1.424	4.0
1.425	4.0
1.426	4.0
1.427	4.0
1.428	4.0
1.429	4.0
1.43	4.0
1.431	4.0
1.432	4.0
1.433	4.0
1.434	4.0
1.435	4.0
1.436	4.0
1.437	4.0
1.438	4.0
1.439	4.0
1.44	4.0
1.441	4.0
1.442	4.0
1.443	4.0
1.444	4.0
1.445	4.0
1.446	4.0
1.447	4.0
1.448	4.0
1.449	4.0
1.45	4.0
1.451	4.0
1.452	4.0
1.453	4.0
1.454	4.0
1.455	4.0
1.456	4.0
1.457	4.0
1.458	4.0
1.459	4.0
1.46	4.0
1.461	4.0
1.462	4.0
1.463	4.0
1.464	4.0
1.465	4.0
1.466	4.0
1.467	4.0
1.468	4.0
1.469	4.0
1.47	4.0
1.471	4.0
1.472	4.0
1.473	4.0
1.474	4.0
1.475	4.0
1.476	4.0
1.477	4.0
1.478	4.0
1.479	4.0
1.48	4.0
1.481	4.0
1.482	4.0
1.483	4.0
1.484	4.0
1.485	4.0
1.486	4.0
1.487	4.0
1.488	4.0
1.489	4.0
1.49	4.0
1.491	4.0
1.492	4.0
1.493	4.0
1.494	4.0
1.495	4.0
1.496	4.0
1.497	4.0
1.498	4.0
1.499	4.0
1.5	4.0
1.501	4.0
1.502	4.0
1.503	4.0
1.504	4.0
1.505	4.0
1.506	4.0
1.507	4.0
1.508	4.0
1.509	4.0
1.51	4.0
1.511	4.0
1.512	4.0
1.513	4.0
1.514	4.0
1.515	4.0
1.516	4.0
1.517	4.0
1.518	4.0
1.519	4.0
1.52	4.0
1.521	4.0
1.522	4.0
1.523	4.0
1.524	4.0
1.525	4.0
1.526	4.0
1.527	4.0
1.528	4.0
1.529	4.0
1.53	4.0
1.531	4.0
1.532	4.0
1.533	4.0
1.534	4.0
1.535	4.0
1.536	4.0
1.537	4.0
1.538	4.0
1.539	4.0
1.54	4.0
1.541	4.0
1.542	4.0
1.543	4.0
1.544	4.0
1.545	4.0
1.546	4.0
1.547	4.0
1.548	4.0
1.549	4.0
1.55	4.0
1.551	4.0
1.552	4.0
1.553	4.0
1.554	4.0
1.555	4.0
1.556	4.0
1.557	4.0
1.558	4.0
1.559	4.0
1.56	4.0
1.561	4.0
1.562	4.0
1.563	4.0
1.564	4.0
1.565	4.0
1.566	4.0
1.567	4.0
1.568	4.0
1.569	4.0
1.57	4.0
1.571	4.0
1.572	4.0
1.573	4.0
1.574	4.0
1.575	4.0
1.576	4.0
1.577	4.0
1.578	4.0
1.579	4.0
1.58	4.0
1.581	4.0
1.582	4.0
1.583	4.0
1.584	4.0
1.585	4.0
1.586	4.0
1.587	4.0
1.588	4.0
1.589	4.0
1.59	4.0
1.591	4.0
1.592	4.0
1.593	4.0
1.594	4.0
1.595	4.0
1.596	4.0
1.597	4.0
1.598	4.0
1.599	4.0
1.6	4.0
1.601	4.0
1.602	4.0
1.603	4.0
1.604	4.0
1.605	4.0
1.606	4.0
1.607	4.0
1.608	4.0
1.609	4.0
1.61	4.0
1.611	4.0
1.612	4.0
1.613	4.0
1.614	4.0
1.615	4.0
1.616	4.0
1.617	4.0
1.618	4.0
1.619	4.0
1.62	4.0
1.621	4.0
1.622	4.0
1.623	4.0
1.624	4.0
1.625	4.0
1.626	4.0
1.627	4.0
1.628	4.0
1.629	4.0
1.63	4.0
1.631	4.0
1.632	4.0
1.633	4.0
1.634	4.0
1.635	4.0
1.636	4.0
1.637	4.0
1.638	4.0
1.639	4.0
1.64	4.0
1.641	4.0
1.642	4.0
1.643	4.0
1.644	4.0
1.645	4.0
1.646	4.0
1.647	4.0
1.648	4.0
1.649	4.0
1.65	4.0
1.651	4.0
1.652	4.0
1.653	4.0
1.654	4.0
1.655	4.0
1.656	4.0
1.657	4.0
1.658	4.0
1.659	4.0
1.66	4.0
1.661	4.0
1.662	4.0
1.663	4.0
1.664	4.0
1.665	4.0
1.666	4.0
1.667	4.0
1.668	4.0
1.669	4.0
1.67	4.0
1.671	4.0
1.672	4.0
1.673	4.0
1.674	4.0
1.675	4.0
1.676	4.0
1.677	4.0
1.678	4.0
1.679	4.0
1.68	4.0
1.681	4.0
1.682	4.0
1.683	4.0
1.684	4.0
1.685	4.0
1.686	4.0
1.687	4.0
1.688	4.0
1.689	4.0
1.69	4.0
1.691	4.0
1.692	4.0
1.693	4.0
1.694	4.0
1.695	4.0
1.696	4.0
1.697	4.0
1.698	4.0
1.699	4.0
1.7	4.0
1.701	4.0
1.702	4.0
1.703	4.0
1.704	4.0
1.705	4.0
1.706	4.0
1.707	4.0
1.708	4.0
1.709	4.0
1.71	4.0
1.711	4.0
1.712	4.0
1.713	4.0
1.714	4.0
1.715	4.0
1.716	4.0
1.717	4.0
1.718	4.0
1.719	4.0
1.72	4.0
1.721	4.0
1.722	4.0
1.723	4.0
1.724	4.0
1.725	4.0
1.726	4.0
1.727	4.0
1.728	4.0
1.729	4.0
1.73	4.0
1.731	4.0
1.732	4.0
1.733	4.0
1.734	4.0
1.735	4.0
1.736	4.0
1.737	4.0
1.738	4.0
1.739	4.0
1.74	4.0
1.741	4.0
1.742	4.0
1.743	4.0
1.744	4.0
1.745	4.0
1.746	4.0
1.747	4.0
1.748	4.0
1.749	4.0
1.75	4.0
1.751	4.0
1.752	4.0
1.753	4.0
1.754	4.0
1.755	4.0
1.756	4.0
1.757	4.0
1.758	4.0
1.759	4.0
1.76	4.0
1.761	4.0
1.762	4.0
1.763	4.0
1.764	4.0
1.765	4.0
1.766	4.0
1.767	4.0
1.768	4.0
1.769	4.0
1.77	4.0
1.771	4.0
1.772	4.0
1.773	4.0
1.774	4.0
1.775	4.0
1.776	4.0
1.777	4.0
1.778	4.0
1.779	4.0
1.78	4.0
1.781	4.0
1.782	4.0
1.783	4.0
1.784	4.0
1.785	4.0
1.786	4.0
1.787	4.0
1.788	4.0
1.789	4.0
1.79	4.0
1.791	4.0
1.792	4.0
1.793	4.0
1.794	4.0
1.795	4.0
1.796	4.0
1.797	4.0
1.798	4.0
1.799	4.0
1.8	4.0
1.801	4.0
1.802	4.0
1.803	4.0
1.804	4.0
1.805	4.0
1.806	4.0
1.807	4.0
1.808	4.0
1.809	4.0
1.81	4.0
1.811	4.0
1.812	4.0
1.813	4.0
1.814	4.0
1.815	4.0
1.816	4.0
1.817	4.0
1.818	4.0
1.819	4.0
1.82	4.0
1.821	4.0
1.822	4.0
1.823	4.0
1.824	4.0
1.825	4.0
1.826	4.0
1.827	4.0
1.828	4.0
1.829	4.0
1.83	4.0
1.831	4.0
1.832	4.0
1.833	4.0
1.834	4.0
1.835	4.0
1.836	4.0
1.837	4.0
1.838	4.0
1.839	4.0
1.84	4.0
1.841	4.0
1.842	4.0
1.843	4.0
1.844	4.0
1.845	4.0
1.846	4.0
1.847	4.0
1.848	4.0
1.849	4.0
1.85	4.0
1.851	4.0
1.852	4.0
1.853	4.0
1.854	4.0
1.855	4.0
1.856	4.0
1.857	4.0
1.858	4.0
1.859	4.0
1.86	4.0
1.861	4.0
1.862	4.0
1.863	4.0
1.864	4.0
1.865	4.0
1.866	4.0
1.867	4.0
1.868	4.0
1.869	4.0
1.87	4.0
1.871	4.0
1.872	4.0
1.873	4.0
1.874	4.0
1.875	4.0
1.876	4.0
1.877	4.0
1.878	4.0
1.879	4.0
1.88	4.0
1.881	4.0
1.882	4.0
1.883	4.0
1.884	4.0
1.885	4.0
1.886	4.0
1.887	4.0
1.888	4.0
1.889	4.0
1.89	4.0
1.891	4.0
1.892	4.0
1.893	4.0
1.894	4.0
1.895	4.0
1.896	4.0
1.897	4.0
1.898	4.0
1.899	4.0
1.9	4.0
1.901	4.0
1.902	4.0
1.903	4.0
1.904	4.0
1.905	4.0
1.906	4.0
1.907	4.0
1.908	4.0
1.909	4.0
1.91	4.0
1.911	4.0
1.912	4.0
1.913	4.0
1.914	4.0
1.915	4.0
1.916	4.0
1.917	4.0
1.918	4.0
1.919	4.0
1.92	4.0
1.921	4.0
1.922	4.0
1.923	4.0
1.924	4.0
1.925	4.0
1.926	4.0
1.927	4.0
1.928	4.0
1.929	4.0
1.93	4.0
1.931	4.0
1.932	4.0
1.933	4.0
1.934	4.0
1.935	4.0
1.936	4.0
1.937	4.0
1.938	4.0
1.939	4.0
1.94	4.0
1.941	4.0
1.942	4.0
1.943	4.0
1.944	4.0
1.945	4.0
1.946	4.0
1.947	4.0
1.948	4.0
1.949	4.0
1.95	4.0
1.951	4.0
1.952	4.0
1.953	4.0
1.954	4.0
1.955	4.0
1.956	4.0
1.957	4.0
1.958	4.0
1.959	4.0
1.96	4.0
1.961	4.0
1.962	4.0
1.963	4.0
1.964	4.0
1.965	4.0
1.966	4.0
1.967	4.0
1.968	4.0
1.969	4.0
1.97	4.0
1.971	4.0
1.972	4.0
1.973	4.0
1.974	4.0
1.975	4.0
1.976	4.0
1.977	4.0
1.978	4.0
1.979	4.0
1.98	4.0
1.981	4.0
1.982	4.0
1.983	4.0
1.984	4.0
1.985	4.0
1.986	4.0
1.987	4.0
1.988	4.0
1.989	4.0
1.99	4.0
1.991	4.0
1.992	4.0
1.993	4.0
1.994	4.0
1.995	4.0
1.996	4.0
1.997	4.0
1.998	4.0
1.999	4.0
2.0	4.0
